# 155 genome regions overlapped with 1000 base pairs; each region contains average 20 million base pairs. This data-parallel view is recommended for generally-parallelized SNP/INDEL analysis pipelines, such as GATK whole genome analysis.
chr1	1	16810000	0	0
chr1	16810001	36810000	1	0
chr1	36810001	56810000	2	0
chr1	56810001	76810000	3	0
chr1	76810001	96810000	4	0
chr1	96810001	122010000	5	0
chr1	122010001	143160000	6	0
chr1	143160001	163160000	7	0
chr1	163160001	183160000	8	0
chr1	183160001	203160000	9	0
chr1	203160001	223580000	10	0
chr1	223580001	248956422	11	0
chr2	1	20000000	12	0
chr2	20000001	40000000	13	0
chr2	40000001	60000000	14	0
chr2	60000001	80000000	15	0
chr2	80000001	97460000	16	0
chr2	97460001	117460000	17	0
chr2	117460001	137460000	18	0
chr2	137460001	157460000	19	0
chr2	157460001	177460000	20	0
chr2	177460001	197460000	21	0
chr2	197460001	217460000	22	0
chr2	217460001	242193529	23	0
chr3	1	20000000	24	0
chr3	20000001	40000000	25	0
chr3	40000001	60000000	26	0
chr3	60000001	80000000	27	0
chr3	80000001	93680000	28	0
chr3	93680001	113680000	29	0
chr3	113680001	133680000	30	0
chr3	133680001	153680000	31	0
chr3	153680001	173680000	32	0
chr3	173680001	198295559	33	0
chr4	1	20000000	34	0
chr4	20000001	31830000	35	0
chr4	31830001	58900000	36	0
chr4	58900001	78900000	37	0
chr4	78900001	98900000	38	0
chr4	98900001	118900000	39	0
chr4	118900001	138900000	40	0
chr4	138900001	158900000	41	0
chr4	158900001	178900000	42	0
chr4	178900001	190214555	43	0
chr5	1	20000000	44	0
chr5	20000001	40000000	45	0
chr5	40000001	50080000	46	0
chr5	50080001	70080000	47	0
chr5	70080001	90080000	48	0
chr5	90080001	110080000	49	0
chr5	110080001	130080000	50	0
chr5	130080001	150080000	51	0
chr5	150080001	170080000	52	0
chr5	170080001	181538259	53	0
chr6	1	20000000	54	0
chr6	20000001	40000000	55	0
chr6	40000001	60210000	56	0
chr6	60210001	80210000	57	0
chr6	80210001	95050000	58	0
chr6	95050001	115050000	59	0
chr6	115050001	135050000	60	0
chr6	135050001	155050000	61	0
chr6	155050001	170805979	62	0
chr7	1	20000000	63	0
chr7	20000001	40000000	64	0
chr7	40000001	62480000	65	0
chr7	62480001	82480000	66	0
chr7	82480001	102480000	67	0
chr7	102480001	122480000	68	0
chr7	122480001	143680000	69	0
chr7	143680001	159345973	70	0
chr8	1	20000000	71	0
chr8	20000001	45900000	72	0
chr8	45900001	65900000	73	0
chr8	65900001	85690000	74	0
chr8	85690001	105690000	75	0
chr8	105690001	125690000	76	0
chr8	125690001	145138636	77	0
chr9	1	20000000	78	0
chr9	20000001	40000000	79	0
chr9	40000001	67950000	80	0
chr9	67950001	87950000	81	0
chr9	87950001	107950000	82	0
chr9	107950001	127950000	83	0
chr9	127950001	138394717	84	0
chr10	1	20000000	85	0
chr10	20000001	47810000	86	0
chr10	47810001	67810000	87	0
chr10	67810001	87810000	88	0
chr10	87810001	107810000	89	0
chr10	107810001	133797422	90	0
chr11	1	20000000	91	0
chr11	20000001	40000000	92	0
chr11	40000001	50850000	93	0
chr11	50850001	70850000	94	0
chr11	70850001	87990000	95	0
chr11	87990001	107990000	96	0
chr11	107990001	135086622	97	0
chr12	1	20000000	98	0
chr12	20000001	37100000	99	0
chr12	37100001	57100000	100	0
chr12	57100001	77100000	101	0
chr12	77100001	97100000	102	0
chr12	97100001	117100000	103	0
chr12	117100001	133275309	104	0
chr13	1	18150000	105	0
chr13	18150001	38150000	106	0
chr13	38150001	58150000	107	0
chr13	58150001	86230000	108	0
chr13	86230001	114364328	109	0
chr14	1	19550000	110	0
chr14	19550001	39550000	111	0
chr14	39550001	59550000	112	0
chr14	59550001	79550000	113	0
chr14	79550001	107043718	114	0
chr15	1	23260000	115	0
chr15	23260001	43260000	116	0
chr15	43260001	63260000	117	0
chr15	63260001	84300000	118	0
chr15	84300001	101991189	119	0
chr16	1	20000000	120	0
chr16	20000001	46350000	121	0
chr16	46350001	66350000	122	0
chr16	66350001	90338345	123	0
chr17	1	26910000	124	0
chr17	26910001	46910000	125	0
chr17	46910001	66910000	126	0
chr17	66910001	83257441	127	0
chr18	1	20000000	128	0
chr18	20000001	46990000	129	0
chr18	46990001	66990000	130	0
chr18	66990001	80373285	131	0
chr19	1	27220000	132	0
chr19	27220001	47220000	133	0
chr19	47220001	58617616	134	0
chr20	1	20000000	135	0
chr20	20000001	31140000	136	0
chr20	31140001	51140000	137	0
chr20	51140001	64444167	138	0
chr21	1	20000000	139	0
chr21	20000001	46709983	140	0
chr22	1	20000000	141	0
chr22	20000001	40000000	142	0
chr22	40000001	50818468	143	0
chrX	1	20000000	144	0
chrX	20000001	40000000	145	0
chrX	40000001	62440000	146	0
chrX	62440001	82440000	147	0
chrX	82440001	102440000	148	0
chrX	102440001	114310000	149	0
chrX	114310001	134310000	150	0
chrX	134310001	156040895	151	0
chrY	1	20000000	152	0
chrY	20000001	40000000	153	0
chrY	40000001	57227415	154	0
chrM	1	16569	154	0
