# 155 genome regions overlapped with 1000 base pairs; each region contains average 20 million base pairs. This data-parallel view is recommended for generally-parallelized SNP/INDEL analysis pipelines, such as GATK whole genome analysis.
chr1	1	16810000	0	1000
chr1	16810001	36810000	1	1000
chr1	36810001	56810000	2	1000
chr1	56810001	76810000	3	1000
chr1	76810001	96810000	4	1000
chr1	96810001	122010000	5	1000
chr1	122010001	143160000	6	1000
chr1	143160001	163160000	7	1000
chr1	163160001	183160000	8	1000
chr1	183160001	203160000	9	1000
chr1	203160001	223580000	10	1000
chr1	223580001	248956422	11	1000
chr2	1	20000000	12	1000
chr2	20000001	40000000	13	1000
chr2	40000001	60000000	14	1000
chr2	60000001	80000000	15	1000
chr2	80000001	97460000	16	1000
chr2	97460001	117460000	17	1000
chr2	117460001	137460000	18	1000
chr2	137460001	157460000	19	1000
chr2	157460001	177460000	20	1000
chr2	177460001	197460000	21	1000
chr2	197460001	217460000	22	1000
chr2	217460001	242193529	23	1000
chr3	1	20000000	24	1000
chr3	20000001	40000000	25	1000
chr3	40000001	60000000	26	1000
chr3	60000001	80000000	27	1000
chr3	80000001	93680000	28	1000
chr3	93680001	113680000	29	1000
chr3	113680001	133680000	30	1000
chr3	133680001	153680000	31	1000
chr3	153680001	173680000	32	1000
chr3	173680001	198295559	33	1000
chr4	1	20000000	34	1000
chr4	20000001	31830000	35	1000
chr4	31830001	58900000	36	1000
chr4	58900001	78900000	37	1000
chr4	78900001	98900000	38	1000
chr4	98900001	118900000	39	1000
chr4	118900001	138900000	40	1000
chr4	138900001	158900000	41	1000
chr4	158900001	178900000	42	1000
chr4	178900001	190214555	43	1000
chr5	1	20000000	44	1000
chr5	20000001	40000000	45	1000
chr5	40000001	50080000	46	1000
chr5	50080001	70080000	47	1000
chr5	70080001	90080000	48	1000
chr5	90080001	110080000	49	1000
chr5	110080001	130080000	50	1000
chr5	130080001	150080000	51	1000
chr5	150080001	170080000	52	1000
chr5	170080001	181538259	53	1000
chr6	1	20000000	54	1000
chr6	20000001	40000000	55	1000
chr6	40000001	60210000	56	1000
chr6	60210001	80210000	57	1000
chr6	80210001	95050000	58	1000
chr6	95050001	115050000	59	1000
chr6	115050001	135050000	60	1000
chr6	135050001	155050000	61	1000
chr6	155050001	170805979	62	1000
chr7	1	20000000	63	1000
chr7	20000001	40000000	64	1000
chr7	40000001	62480000	65	1000
chr7	62480001	82480000	66	1000
chr7	82480001	102480000	67	1000
chr7	102480001	122480000	68	1000
chr7	122480001	143680000	69	1000
chr7	143680001	159345973	70	1000
chr8	1	20000000	71	1000
chr8	20000001	45900000	72	1000
chr8	45900001	65900000	73	1000
chr8	65900001	85690000	74	1000
chr8	85690001	105690000	75	1000
chr8	105690001	125690000	76	1000
chr8	125690001	145138636	77	1000
chr9	1	20000000	78	1000
chr9	20000001	40000000	79	1000
chr9	40000001	67950000	80	1000
chr9	67950001	87950000	81	1000
chr9	87950001	107950000	82	1000
chr9	107950001	127950000	83	1000
chr9	127950001	138394717	84	1000
chr10	1	20000000	85	1000
chr10	20000001	47810000	86	1000
chr10	47810001	67810000	87	1000
chr10	67810001	87810000	88	1000
chr10	87810001	107810000	89	1000
chr10	107810001	133797422	90	1000
chr11	1	20000000	91	1000
chr11	20000001	40000000	92	1000
chr11	40000001	50850000	93	1000
chr11	50850001	70850000	94	1000
chr11	70850001	87990000	95	1000
chr11	87990001	107990000	96	1000
chr11	107990001	135086622	97	1000
chr12	1	20000000	98	1000
chr12	20000001	37100000	99	1000
chr12	37100001	57100000	100	1000
chr12	57100001	77100000	101	1000
chr12	77100001	97100000	102	1000
chr12	97100001	117100000	103	1000
chr12	117100001	133275309	104	1000
chr13	1	18150000	105	1000
chr13	18150001	38150000	106	1000
chr13	38150001	58150000	107	1000
chr13	58150001	86230000	108	1000
chr13	86230001	114364328	109	1000
chr14	1	19550000	110	1000
chr14	19550001	39550000	111	1000
chr14	39550001	59550000	112	1000
chr14	59550001	79550000	113	1000
chr14	79550001	107043718	114	1000
chr15	1	23260000	115	1000
chr15	23260001	43260000	116	1000
chr15	43260001	63260000	117	1000
chr15	63260001	84300000	118	1000
chr15	84300001	101991189	119	1000
chr16	1	20000000	120	1000
chr16	20000001	46350000	121	1000
chr16	46350001	66350000	122	1000
chr16	66350001	90338345	123	1000
chr17	1	26910000	124	1000
chr17	26910001	46910000	125	1000
chr17	46910001	66910000	126	1000
chr17	66910001	83257441	127	1000
chr18	1	20000000	128	1000
chr18	20000001	46990000	129	1000
chr18	46990001	66990000	130	1000
chr18	66990001	80373285	131	1000
chr19	1	27220000	132	1000
chr19	27220001	47220000	133	1000
chr19	47220001	58617616	134	1000
chr20	1	20000000	135	1000
chr20	20000001	31140000	136	1000
chr20	31140001	51140000	137	1000
chr20	51140001	64444167	138	1000
chr21	1	20000000	139	1000
chr21	20000001	46709983	140	1000
chr22	1	20000000	141	1000
chr22	20000001	40000000	142	1000
chr22	40000001	50818468	143	1000
chrX	1	20000000	144	1000
chrX	20000001	40000000	145	1000
chrX	40000001	62440000	146	1000
chrX	62440001	82440000	147	1000
chrX	82440001	102440000	148	1000
chrX	102440001	114310000	149	1000
chrX	114310001	134310000	150	1000
chrX	134310001	156040895	151	1000
chrY	1	20000000	152	1000
chrY	20000001	40000000	153	1000
chrY	40000001	57227415	154	1000
chrM	1	16569	154	1000
