chr1	1	10000000	0	1000
chr1	10000001	20000000	1	1000
chr1	20000001	30000000	2	1000
chr1	30000001	40000000	3	1000
chr1	40000001	50000000	4	1000
chr1	50000001	60000000	5	1000
chr1	60000001	70000000	6	1000
chr1	70000001	80000000	7	1000
chr1	80000001	90000000	8	1000
chr1	90000001	100000000	9	1000
chr1	100000001	110000000	10	1000
chr1	110000001	120000000	11	1000
chr1	120000001	130000000	12	1000
chr1	130000001	140000000	13	1000
chr1	140000001	150000000	14	1000
chr1	150000001	160000000	15	1000
chr1	160000001	170000000	16	1000
chr1	170000001	180000000	17	1000
chr1	180000001	190000000	18	1000
chr1	190000001	200000000	19	1000
chr1	200000001	210000000	20	1000
chr1	210000001	220000000	21	1000
chr1	220000001	230000000	22	1000
chr1	230000001	240000000	23	1000
chr1	240000001	248956422	24	1000
chr2	1	10000000	25	1000
chr2	10000001	20000000	26	1000
chr2	20000001	30000000	27	1000
chr2	30000001	40000000	28	1000
chr2	40000001	50000000	29	1000
chr2	50000001	60000000	30	1000
chr2	60000001	70000000	31	1000
chr2	70000001	80000000	32	1000
chr2	80000001	90000000	33	1000
chr2	90000001	100000000	34	1000
chr2	100000001	110000000	35	1000
chr2	110000001	120000000	36	1000
chr2	120000001	130000000	37	1000
chr2	130000001	140000000	38	1000
chr2	140000001	150000000	39	1000
chr2	150000001	160000000	40	1000
chr2	160000001	170000000	41	1000
chr2	170000001	180000000	42	1000
chr2	180000001	190000000	43	1000
chr2	190000001	200000000	44	1000
chr2	200000001	210000000	45	1000
chr2	210000001	220000000	46	1000
chr2	220000001	230000000	47	1000
chr2	230000001	240000000	48	1000
chr2	240000001	242193529	49	1000
chr3	1	10000000	50	1000
chr3	10000001	20000000	51	1000
chr3	20000001	30000000	52	1000
chr3	30000001	40000000	53	1000
chr3	40000001	50000000	54	1000
chr3	50000001	60000000	55	1000
chr3	60000001	70000000	56	1000
chr3	70000001	80000000	57	1000
chr3	80000001	90000000	58	1000
chr3	90000001	100000000	59	1000
chr3	100000001	110000000	60	1000
chr3	110000001	120000000	61	1000
chr3	120000001	130000000	62	1000
chr3	130000001	140000000	63	1000
chr3	140000001	150000000	64	1000
chr3	150000001	160000000	65	1000
chr3	160000001	170000000	66	1000
chr3	170000001	180000000	67	1000
chr3	180000001	190000000	68	1000
chr3	190000001	198295559	69	1000
chr4	1	10000000	70	1000
chr4	10000001	20000000	71	1000
chr4	20000001	30000000	72	1000
chr4	30000001	40000000	73	1000
chr4	40000001	50000000	74	1000
chr4	50000001	60000000	75	1000
chr4	60000001	70000000	76	1000
chr4	70000001	80000000	77	1000
chr4	80000001	90000000	78	1000
chr4	90000001	100000000	79	1000
chr4	100000001	110000000	80	1000
chr4	110000001	120000000	81	1000
chr4	120000001	130000000	82	1000
chr4	130000001	140000000	83	1000
chr4	140000001	150000000	84	1000
chr4	150000001	160000000	85	1000
chr4	160000001	170000000	86	1000
chr4	170000001	180000000	87	1000
chr4	180000001	190000000	88	1000
chr4	190000001	190214555	89	1000
chr5	1	10000000	90	1000
chr5	10000001	20000000	91	1000
chr5	20000001	30000000	92	1000
chr5	30000001	40000000	93	1000
chr5	40000001	50000000	94	1000
chr5	50000001	60000000	95	1000
chr5	60000001	70000000	96	1000
chr5	70000001	80000000	97	1000
chr5	80000001	90000000	98	1000
chr5	90000001	100000000	99	1000
chr5	100000001	110000000	100	1000
chr5	110000001	120000000	101	1000
chr5	120000001	130000000	102	1000
chr5	130000001	140000000	103	1000
chr5	140000001	150000000	104	1000
chr5	150000001	160000000	105	1000
chr5	160000001	170000000	106	1000
chr5	170000001	180000000	107	1000
chr5	180000001	181538259	108	1000
chr6	1	10000000	109	1000
chr6	10000001	20000000	110	1000
chr6	20000001	30000000	111	1000
chr6	30000001	40000000	112	1000
chr6	40000001	50000000	113	1000
chr6	50000001	60000000	114	1000
chr6	60000001	70000000	115	1000
chr6	70000001	80000000	116	1000
chr6	80000001	90000000	117	1000
chr6	90000001	100000000	118	1000
chr6	100000001	110000000	119	1000
chr6	110000001	120000000	120	1000
chr6	120000001	130000000	121	1000
chr6	130000001	140000000	122	1000
chr6	140000001	150000000	123	1000
chr6	150000001	160000000	124	1000
chr6	160000001	170000000	125	1000
chr6	170000001	170805979	126	1000
chr7	1	10000000	127	1000
chr7	10000001	20000000	128	1000
chr7	20000001	30000000	129	1000
chr7	30000001	40000000	130	1000
chr7	40000001	50000000	131	1000
chr7	50000001	60000000	132	1000
chr7	60000001	70000000	133	1000
chr7	70000001	80000000	134	1000
chr7	80000001	90000000	135	1000
chr7	90000001	100000000	136	1000
chr7	100000001	110000000	137	1000
chr7	110000001	120000000	138	1000
chr7	120000001	130000000	139	1000
chr7	130000001	140000000	140	1000
chr7	140000001	150000000	141	1000
chr7	150000001	159345973	142	1000
chr8	1	10000000	143	1000
chr8	10000001	20000000	144	1000
chr8	20000001	30000000	145	1000
chr8	30000001	40000000	146	1000
chr8	40000001	50000000	147	1000
chr8	50000001	60000000	148	1000
chr8	60000001	70000000	149	1000
chr8	70000001	80000000	150	1000
chr8	80000001	90000000	151	1000
chr8	90000001	100000000	152	1000
chr8	100000001	110000000	153	1000
chr8	110000001	120000000	154	1000
chr8	120000001	130000000	155	1000
chr8	130000001	140000000	156	1000
chr8	140000001	145138636	157	1000
chr9	1	10000000	158	1000
chr9	10000001	20000000	159	1000
chr9	20000001	30000000	160	1000
chr9	30000001	40000000	161	1000
chr9	40000001	50000000	162	1000
chr9	50000001	60000000	163	1000
chr9	60000001	70000000	164	1000
chr9	70000001	80000000	165	1000
chr9	80000001	90000000	166	1000
chr9	90000001	100000000	167	1000
chr9	100000001	110000000	168	1000
chr9	110000001	120000000	169	1000
chr9	120000001	130000000	170	1000
chr9	130000001	138394717	171	1000
chr10	1	10000000	172	1000
chr10	10000001	20000000	173	1000
chr10	20000001	30000000	174	1000
chr10	30000001	40000000	175	1000
chr10	40000001	50000000	176	1000
chr10	50000001	60000000	177	1000
chr10	60000001	70000000	178	1000
chr10	70000001	80000000	179	1000
chr10	80000001	90000000	180	1000
chr10	90000001	100000000	181	1000
chr10	100000001	110000000	182	1000
chr10	110000001	120000000	183	1000
chr10	120000001	130000000	184	1000
chr10	130000001	133797422	185	1000
chr11	1	10000000	186	1000
chr11	10000001	20000000	187	1000
chr11	20000001	30000000	188	1000
chr11	30000001	40000000	189	1000
chr11	40000001	50000000	190	1000
chr11	50000001	60000000	191	1000
chr11	60000001	70000000	192	1000
chr11	70000001	80000000	193	1000
chr11	80000001	90000000	194	1000
chr11	90000001	100000000	195	1000
chr11	100000001	110000000	196	1000
chr11	110000001	120000000	197	1000
chr11	120000001	130000000	198	1000
chr11	130000001	135086622	199	1000
chr12	1	10000000	200	1000
chr12	10000001	20000000	201	1000
chr12	20000001	30000000	202	1000
chr12	30000001	40000000	203	1000
chr12	40000001	50000000	204	1000
chr12	50000001	60000000	205	1000
chr12	60000001	70000000	206	1000
chr12	70000001	80000000	207	1000
chr12	80000001	90000000	208	1000
chr12	90000001	100000000	209	1000
chr12	100000001	110000000	210	1000
chr12	110000001	120000000	211	1000
chr12	120000001	130000000	212	1000
chr12	130000001	133275309	213	1000
chr13	1	10000000	214	1000
chr13	10000001	20000000	215	1000
chr13	20000001	30000000	216	1000
chr13	30000001	40000000	217	1000
chr13	40000001	50000000	218	1000
chr13	50000001	60000000	219	1000
chr13	60000001	70000000	220	1000
chr13	70000001	80000000	221	1000
chr13	80000001	90000000	222	1000
chr13	90000001	100000000	223	1000
chr13	100000001	110000000	224	1000
chr13	110000001	114364328	225	1000
chr14	1	10000000	226	1000
chr14	10000001	20000000	227	1000
chr14	20000001	30000000	228	1000
chr14	30000001	40000000	229	1000
chr14	40000001	50000000	230	1000
chr14	50000001	60000000	231	1000
chr14	60000001	70000000	232	1000
chr14	70000001	80000000	233	1000
chr14	80000001	90000000	234	1000
chr14	90000001	100000000	235	1000
chr14	100000001	107043718	236	1000
chr15	1	10000000	237	1000
chr15	10000001	20000000	238	1000
chr15	20000001	30000000	239	1000
chr15	30000001	40000000	240	1000
chr15	40000001	50000000	241	1000
chr15	50000001	60000000	242	1000
chr15	60000001	70000000	243	1000
chr15	70000001	80000000	244	1000
chr15	80000001	90000000	245	1000
chr15	90000001	100000000	246	1000
chr15	100000001	101991189	247	1000
chr16	1	10000000	248	1000
chr16	10000001	20000000	249	1000
chr16	20000001	30000000	250	1000
chr16	30000001	40000000	251	1000
chr16	40000001	50000000	252	1000
chr16	50000001	60000000	253	1000
chr16	60000001	70000000	254	1000
chr16	70000001	80000000	255	1000
chr16	80000001	90000000	256	1000
chr16	90000001	90338345	257	1000
chr17	1	10000000	258	1000
chr17	10000001	20000000	259	1000
chr17	20000001	30000000	260	1000
chr17	30000001	40000000	261	1000
chr17	40000001	50000000	262	1000
chr17	50000001	60000000	263	1000
chr17	60000001	70000000	264	1000
chr17	70000001	80000000	265	1000
chr17	80000001	83257441	266	1000
chr18	1	10000000	267	1000
chr18	10000001	20000000	268	1000
chr18	20000001	30000000	269	1000
chr18	30000001	40000000	270	1000
chr18	40000001	50000000	271	1000
chr18	50000001	60000000	272	1000
chr18	60000001	70000000	273	1000
chr18	70000001	80000000	274	1000
chr18	80000001	80373285	275	1000
chr19	1	10000000	276	1000
chr19	10000001	20000000	277	1000
chr19	20000001	30000000	278	1000
chr19	30000001	40000000	279	1000
chr19	40000001	50000000	280	1000
chr19	50000001	58617616	281	1000
chr20	1	10000000	282	1000
chr20	10000001	20000000	283	1000
chr20	20000001	30000000	284	1000
chr20	30000001	40000000	285	1000
chr20	40000001	50000000	286	1000
chr20	50000001	60000000	287	1000
chr20	60000001	64444167	288	1000
chr21	1	10000000	289	1000
chr21	10000001	20000000	290	1000
chr21	20000001	30000000	291	1000
chr21	30000001	40000000	292	1000
chr21	40000001	46709983	293	1000
chr22	1	10000000	294	1000
chr22	10000001	20000000	295	1000
chr22	20000001	30000000	296	1000
chr22	30000001	40000000	297	1000
chr22	40000001	50000000	298	1000
chr22	50000001	50818468	299	1000
chrX	1	10000000	300	1000
chrX	10000001	20000000	301	1000
chrX	20000001	30000000	302	1000
chrX	30000001	40000000	303	1000
chrX	40000001	50000000	304	1000
chrX	50000001	60000000	305	1000
chrX	60000001	70000000	306	1000
chrX	70000001	80000000	307	1000
chrX	80000001	90000000	308	1000
chrX	90000001	100000000	309	1000
chrX	100000001	110000000	310	1000
chrX	110000001	120000000	311	1000
chrX	120000001	130000000	312	1000
chrX	130000001	140000000	313	1000
chrX	140000001	150000000	314	1000
chrX	150000001	156040895	315	1000
chrY	1	10000000	316	1000
chrY	10000001	20000000	317	1000
chrY	20000001	30000000	318	1000
chrY	30000001	40000000	319	1000
chrY	40000001	50000000	320	1000
chrY	50000001	57227415	321	1000
chrM	1	16569	322	1000
