# gs://gcp-public-data--broad-references/hg19/v0/wgs_calling_regions.v1.chr20.interval_list
chr20	60001	25733590	0
chr20	25744591	25753590	0
chr20	25755445	25756024	1
chr20	25757591	25829590	1
chr20	25836591	25859590	2
chr20	25941591	26057590	2
chr20	26061748	26062078	3
chr20	26063478	26073590	3
chr20	26084056	26084359	4
chr20	26094464	26102590	4
chr20	26112591	26122590	5
chr20	26149591	26199590	5
chr20	26214591	26238590	6
chr20	26256591	26319569	6
chr20	29419570	29419590	7
chr20	29472591	29473590	7
chr20	29489591	29565590	8
chr20	29623133	29623306	8
chr20	29623980	29624144	9
chr20	29625821	29626036	9
chr20	29628175	29628465	10
chr20	29630647	29630756	10
chr20	29631486	29631681	11
chr20	29632559	29632773	11
chr20	29633846	29633962	12
chr20	29639591	29640590	12
chr20	29643591	29644590	13
chr20	29652073	29652322	13
chr20	29803909	34897085	14
chr20	34947086	61091437	14
chr20	61141438	61213369	15
chr20	61263370	63025520	15
