# 155 genome regions overlapped with 1000 base pairs; each region contains average 20 million base pairs. This data-parallel view is recommended for generally-parallelized SNP/INDEL analysis pipelines, such as GATK whole genome analysis.
chr1	1	13090000	0	1000
chr1	13090001	29900000	1	1000
chr1	29900001	49900000	2	1000
chr1	49900001	69900000	3	1000
chr1	69900001	89900000	4	1000
chr1	89900001	103890000	5	1000
chr1	103890001	123890000	6	1000
chr1	123890001	148500000	7	1000
chr1	148500001	168500000	8	1000
chr1	168500001	188500000	9	1000
chr1	188500001	206000000	10	1000
chr1	206000001	223770000	11	1000
chr1	223770001	235220000	12	1000
chr1	235220001	249250621	13	1000
chr2	1	21175000	14	1000
chr2	21175001	41175000	15	1000
chr2	41175001	61175000	16	1000
chr2	61175001	87690000	17	1000
chr2	87690001	110130000	18	1000
chr2	110130001	130130000	19	1000
chr2	130130001	149720000	20	1000
chr2	149720001	169720000	21	1000
chr2	169720001	189720000	22	1000
chr2	189720001	209720000	23	1000
chr2	209720001	234030000	24	1000
chr2	234030001	243199373	25	1000
chr3	1	20000000	26	1000
chr3	20000001	40000000	27	1000
chr3	40000001	66200000	28	1000
chr3	66200001	93500000	29	1000
chr3	93500001	113500000	30	1000
chr3	113500001	133500000	31	1000
chr3	133500001	153500000	32	1000
chr3	153500001	173500000	33	1000
chr3	173500001	198022430	34	1000
chr4	1	20000000	35	1000
chr4	20000001	40000000	36	1000
chr4	40000001	50010000	37	1000
chr4	50010001	75450000	38	1000
chr4	75450001	95450000	39	1000
chr4	95450001	115450000	40	1000
chr4	115450001	135450000	41	1000
chr4	135450001	155450000	42	1000
chr4	155450001	175450000	43	1000
chr4	175450001	191154276	44	1000
chr5	1	17550000	45	1000
chr5	17550001	46430000	46	1000
chr5	46430001	66430000	47	1000
chr5	66430001	91660000	48	1000
chr5	91660001	111660000	49	1000
chr5	111660001	138810000	50	1000
chr5	138810001	158810000	51	1000
chr5	158810001	180915260	52	1000
chr6	1	20000000	53	1000
chr6	20000001	40000000	54	1000
chr6	40000001	58110000	55	1000
chr6	58110001	78110000	56	1000
chr6	78110001	95710000	57	1000
chr6	95710001	115710000	58	1000
chr6	115710001	135710000	59	1000
chr6	135710001	157580000	60	1000
chr6	157580001	171115067	61	1000
chr7	1	20000000	62	1000
chr7	20000001	40000000	63	1000
chr7	40000001	50400000	64	1000
chr7	50400001	74740000	65	1000
chr7	74740001	100580000	66	1000
chr7	100580001	130180000	67	1000
chr7	130180001	159138663	68	1000
chr8	1	20000000	69	1000
chr8	20000001	43860000	70	1000
chr8	43860001	63860000	71	1000
chr8	63860001	86600000	72	1000
chr8	86600001	106600000	73	1000
chr8	106600001	126600000	74	1000
chr8	126600001	146364022	75	1000
chr9	1	20000000	76	1000
chr9	20000001	40000000	77	1000
chr9	40000001	60000000	78	1000
chr9	60000001	80000000	79	1000
chr9	80000001	92370000	80	1000
chr9	92370001	112370000	81	1000
chr9	112370001	133100000	82	1000
chr9	133100001	141213431	83	1000
chr10	1	18000000	84	1000
chr10	18000001	38000000	85	1000
chr10	38000001	51160000	86	1000
chr10	51160001	71160000	87	1000
chr10	71160001	91160000	88	1000
chr10	91160001	111160000	89	1000
chr10	111160001	125900000	90	1000
chr10	125900001	135534747	91	1000
chr11	1	20000000	92	1000
chr11	20000001	40000000	93	1000
chr11	40000001	50810000	94	1000
chr11	50810001	70810000	95	1000
chr11	70810001	96310000	96	1000
chr11	96310001	116310000	97	1000
chr11	116310001	135006516	98	1000
chr12	1	20000000	99	1000
chr12	20000001	34880000	100	1000
chr12	34880001	54880000	101	1000
chr12	54880001	74880000	102	1000
chr12	74880001	94880000	103	1000
chr12	94880001	109400000	104	1000
chr12	109400001	133851895	105	1000
chr13	1	20000000	106	1000
chr13	20000001	40000000	107	1000
chr13	40000001	60000000	108	1000
chr13	60000001	86790000	109	1000
chr13	86790001	115169878	110	1000
chr14	1	20000000	111	1000
chr14	20000001	40000000	112	1000
chr14	40000001	60000000	113	1000
chr14	60000001	80000000	114	1000
chr14	80000001	107349540	115	1000
chr15	1	29180000	116	1000
chr15	29180001	49180000	117	1000
chr15	49180001	69180000	118	1000
chr15	69180001	82850000	119	1000
chr15	82850001	102531392	120	1000
chr16	1	20000000	121	1000
chr16	20000001	40900000	122	1000
chr16	40900001	60900000	123	1000
chr16	60900001	90354753	124	1000
chr17	1	20000000	125	1000
chr17	20000001	34700000	126	1000
chr17	34700001	62440000	127	1000
chr17	62440001	81195210	128	1000
chr18	1	15440000	129	1000
chr18	15440001	35440000	130	1000
chr18	35440001	52080000	131	1000
chr18	52080001	78077248	132	1000
chr19	1	24660000	133	1000
chr19	24660001	44660000	134	1000
chr19	44660001	59128983	135	1000
chr20	1	26340000	136	1000
chr20	26340001	46340000	137	1000
chr20	46340001	63025520	138	1000
chr21	1	20000000	139	1000
chr21	20000001	48129895	140	1000
chr22	1	20000000	141	1000
chr22	20000001	40000000	142	1000
chr22	40000001	51304566	143	1000
chrX	1	20000000	144	1000
chrX	20000001	37120000	145	1000
chrX	37120001	58610000	146	1000
chrX	58610001	76680000	147	1000
chrX	76680001	96680000	148	1000
chrX	96680001	113540000	149	1000
chrX	113540001	143530000	150	1000
chrX	143530001	155270560	151	1000
chrY	1	20000000	152	1000
chrY	20000001	40000000	153	1000
chrY	40000001	59373566	154	1000
chrM	1	16569	154	1000
