# gs://gcp-public-data--broad-references/hg19/v0/wgs_calling_regions.v1.chr20.interval_list
chr20	60001	1518865	0
chr20	1518866	2977730	1
chr20	2977731	4436595	2
chr20	4436596	5895460	3
chr20	5895461	7354325	4
chr20	7354326	8813190	5
chr20	8813191	10272055	6
chr20	10272056	11730920	7
chr20	11730921	13189785	8
chr20	13189786	14648650	9
chr20	14648651	16107515	10
chr20	16107516	17566380	11
chr20	17566381	19025245	12
chr20	19025246	20484110	13
chr20	20484111	21942975	14
chr20	21942976	23401840	15
chr20	23401841	24860705	16
chr20	24860706	26319569	17
chr20	29419570	30664234	18
chr20	30664235	31908899	19
chr20	31908900	33153564	20
chr20	33153565	34398229	21
chr20	34398230	35642894	22
chr20	35642895	36887559	23
chr20	36887560	38132224	24
chr20	38132225	39376889	25
chr20	39376890	40621554	26
chr20	40621555	41866219	27
chr20	41866220	43110884	28
chr20	43110885	44355549	29
chr20	44355550	45600214	30
chr20	45600215	46844879	31
chr20	46844880	48089544	32
chr20	48089545	49334209	33
chr20	49334210	50578874	34
chr20	50578875	51823539	35
chr20	51823540	53068204	36
chr20	53068205	54312869	37
chr20	54312870	55557534	38
chr20	55557535	56802199	39
chr20	56802200	58046864	40
chr20	58046865	59291529	41
chr20	59291530	60536194	42
chr20	60536195	61780859	43
chr20	61780860	63025520	44
