# 3109 genome regions unpadded; each region contains roughly 1 million base pairs. This data-parallel view is recommended for genotypeGVCF/VQSR pipelines.
chr1	1	1000000	0	0
chr1	1000001	2000000	1	0
chr1	2000001	3000000	2	0
chr1	3000001	4000000	3	0
chr1	4000001	5000000	4	0
chr1	5000001	6000000	5	0
chr1	6000001	7000000	6	0
chr1	7000001	8000000	7	0
chr1	8000001	9000000	8	0
chr1	9000001	10000000	9	0
chr1	10000001	11000000	10	0
chr1	11000001	12000000	11	0
chr1	12000001	13000000	12	0
chr1	13000001	14000000	13	0
chr1	14000001	15000000	14	0
chr1	15000001	16000000	15	0
chr1	16000001	17000000	16	0
chr1	17000001	18000000	17	0
chr1	18000001	19000000	18	0
chr1	19000001	20000000	19	0
chr1	20000001	21000000	20	0
chr1	21000001	22000000	21	0
chr1	22000001	23000000	22	0
chr1	23000001	24000000	23	0
chr1	24000001	25000000	24	0
chr1	25000001	26000000	25	0
chr1	26000001	27000000	26	0
chr1	27000001	28000000	27	0
chr1	28000001	29000000	28	0
chr1	29000001	30000000	29	0
chr1	30000001	31000000	30	0
chr1	31000001	32000000	31	0
chr1	32000001	33000000	32	0
chr1	33000001	34000000	33	0
chr1	34000001	35000000	34	0
chr1	35000001	36000000	35	0
chr1	36000001	37000000	36	0
chr1	37000001	38000000	37	0
chr1	38000001	39000000	38	0
chr1	39000001	40000000	39	0
chr1	40000001	41000000	40	0
chr1	41000001	42000000	41	0
chr1	42000001	43000000	42	0
chr1	43000001	44000000	43	0
chr1	44000001	45000000	44	0
chr1	45000001	46000000	45	0
chr1	46000001	47000000	46	0
chr1	47000001	48000000	47	0
chr1	48000001	49000000	48	0
chr1	49000001	50000000	49	0
chr1	50000001	51000000	50	0
chr1	51000001	52000000	51	0
chr1	52000001	53000000	52	0
chr1	53000001	54000000	53	0
chr1	54000001	55000000	54	0
chr1	55000001	56000000	55	0
chr1	56000001	57000000	56	0
chr1	57000001	58000000	57	0
chr1	58000001	59000000	58	0
chr1	59000001	60000000	59	0
chr1	60000001	61000000	60	0
chr1	61000001	62000000	61	0
chr1	62000001	63000000	62	0
chr1	63000001	64000000	63	0
chr1	64000001	65000000	64	0
chr1	65000001	66000000	65	0
chr1	66000001	67000000	66	0
chr1	67000001	68000000	67	0
chr1	68000001	69000000	68	0
chr1	69000001	70000000	69	0
chr1	70000001	71000000	70	0
chr1	71000001	72000000	71	0
chr1	72000001	73000000	72	0
chr1	73000001	74000000	73	0
chr1	74000001	75000000	74	0
chr1	75000001	76000000	75	0
chr1	76000001	77000000	76	0
chr1	77000001	78000000	77	0
chr1	78000001	79000000	78	0
chr1	79000001	80000000	79	0
chr1	80000001	81000000	80	0
chr1	81000001	82000000	81	0
chr1	82000001	83000000	82	0
chr1	83000001	84000000	83	0
chr1	84000001	85000000	84	0
chr1	85000001	86000000	85	0
chr1	86000001	87000000	86	0
chr1	87000001	88000000	87	0
chr1	88000001	89000000	88	0
chr1	89000001	90000000	89	0
chr1	90000001	91000000	90	0
chr1	91000001	92000000	91	0
chr1	92000001	93000000	92	0
chr1	93000001	94000000	93	0
chr1	94000001	95000000	94	0
chr1	95000001	96000000	95	0
chr1	96000001	97000000	96	0
chr1	97000001	98000000	97	0
chr1	98000001	99000000	98	0
chr1	99000001	100000000	99	0
chr1	100000001	101000000	100	0
chr1	101000001	102000000	101	0
chr1	102000001	103000000	102	0
chr1	103000001	104000000	103	0
chr1	104000001	105000000	104	0
chr1	105000001	106000000	105	0
chr1	106000001	107000000	106	0
chr1	107000001	108000000	107	0
chr1	108000001	109000000	108	0
chr1	109000001	110000000	109	0
chr1	110000001	111000000	110	0
chr1	111000001	112000000	111	0
chr1	112000001	113000000	112	0
chr1	113000001	114000000	113	0
chr1	114000001	115000000	114	0
chr1	115000001	116000000	115	0
chr1	116000001	117000000	116	0
chr1	117000001	118000000	117	0
chr1	118000001	119000000	118	0
chr1	119000001	120000000	119	0
chr1	120000001	121000000	120	0
chr1	121000001	122000000	121	0
chr1	122000001	123000000	122	0
chr1	123000001	124000000	123	0
chr1	124000001	125000000	124	0
chr1	125000001	126000000	125	0
chr1	126000001	127000000	126	0
chr1	127000001	128000000	127	0
chr1	128000001	129000000	128	0
chr1	129000001	130000000	129	0
chr1	130000001	131000000	130	0
chr1	131000001	132000000	131	0
chr1	132000001	133000000	132	0
chr1	133000001	134000000	133	0
chr1	134000001	135000000	134	0
chr1	135000001	136000000	135	0
chr1	136000001	137000000	136	0
chr1	137000001	138000000	137	0
chr1	138000001	139000000	138	0
chr1	139000001	140000000	139	0
chr1	140000001	141000000	140	0
chr1	141000001	142000000	141	0
chr1	142000001	143000000	142	0
chr1	143000001	144000000	143	0
chr1	144000001	145000000	144	0
chr1	145000001	146000000	145	0
chr1	146000001	147000000	146	0
chr1	147000001	148000000	147	0
chr1	148000001	149000000	148	0
chr1	149000001	150000000	149	0
chr1	150000001	151000000	150	0
chr1	151000001	152000000	151	0
chr1	152000001	153000000	152	0
chr1	153000001	154000000	153	0
chr1	154000001	155000000	154	0
chr1	155000001	156000000	155	0
chr1	156000001	157000000	156	0
chr1	157000001	158000000	157	0
chr1	158000001	159000000	158	0
chr1	159000001	160000000	159	0
chr1	160000001	161000000	160	0
chr1	161000001	162000000	161	0
chr1	162000001	163000000	162	0
chr1	163000001	164000000	163	0
chr1	164000001	165000000	164	0
chr1	165000001	166000000	165	0
chr1	166000001	167000000	166	0
chr1	167000001	168000000	167	0
chr1	168000001	169000000	168	0
chr1	169000001	170000000	169	0
chr1	170000001	171000000	170	0
chr1	171000001	172000000	171	0
chr1	172000001	173000000	172	0
chr1	173000001	174000000	173	0
chr1	174000001	175000000	174	0
chr1	175000001	176000000	175	0
chr1	176000001	177000000	176	0
chr1	177000001	178000000	177	0
chr1	178000001	179000000	178	0
chr1	179000001	180000000	179	0
chr1	180000001	181000000	180	0
chr1	181000001	182000000	181	0
chr1	182000001	183000000	182	0
chr1	183000001	184000000	183	0
chr1	184000001	185000000	184	0
chr1	185000001	186000000	185	0
chr1	186000001	187000000	186	0
chr1	187000001	188000000	187	0
chr1	188000001	189000000	188	0
chr1	189000001	190000000	189	0
chr1	190000001	191000000	190	0
chr1	191000001	192000000	191	0
chr1	192000001	193000000	192	0
chr1	193000001	194000000	193	0
chr1	194000001	195000000	194	0
chr1	195000001	196000000	195	0
chr1	196000001	197000000	196	0
chr1	197000001	198000000	197	0
chr1	198000001	199000000	198	0
chr1	199000001	200000000	199	0
chr1	200000001	201000000	200	0
chr1	201000001	202000000	201	0
chr1	202000001	203000000	202	0
chr1	203000001	204000000	203	0
chr1	204000001	205000000	204	0
chr1	205000001	206000000	205	0
chr1	206000001	207000000	206	0
chr1	207000001	208000000	207	0
chr1	208000001	209000000	208	0
chr1	209000001	210000000	209	0
chr1	210000001	211000000	210	0
chr1	211000001	212000000	211	0
chr1	212000001	213000000	212	0
chr1	213000001	214000000	213	0
chr1	214000001	215000000	214	0
chr1	215000001	216000000	215	0
chr1	216000001	217000000	216	0
chr1	217000001	218000000	217	0
chr1	218000001	219000000	218	0
chr1	219000001	220000000	219	0
chr1	220000001	221000000	220	0
chr1	221000001	222000000	221	0
chr1	222000001	223000000	222	0
chr1	223000001	224000000	223	0
chr1	224000001	225000000	224	0
chr1	225000001	226000000	225	0
chr1	226000001	227000000	226	0
chr1	227000001	228000000	227	0
chr1	228000001	229000000	228	0
chr1	229000001	230000000	229	0
chr1	230000001	231000000	230	0
chr1	231000001	232000000	231	0
chr1	232000001	233000000	232	0
chr1	233000001	234000000	233	0
chr1	234000001	235000000	234	0
chr1	235000001	236000000	235	0
chr1	236000001	237000000	236	0
chr1	237000001	238000000	237	0
chr1	238000001	239000000	238	0
chr1	239000001	240000000	239	0
chr1	240000001	241000000	240	0
chr1	241000001	242000000	241	0
chr1	242000001	243000000	242	0
chr1	243000001	244000000	243	0
chr1	244000001	245000000	244	0
chr1	245000001	246000000	245	0
chr1	246000001	247000000	246	0
chr1	247000001	248000000	247	0
chr1	248000001	249000000	248	0
chr1	249000001	249250621	249	0
chr2	1	1000000	250	0
chr2	1000001	2000000	251	0
chr2	2000001	3000000	252	0
chr2	3000001	4000000	253	0
chr2	4000001	5000000	254	0
chr2	5000001	6000000	255	0
chr2	6000001	7000000	256	0
chr2	7000001	8000000	257	0
chr2	8000001	9000000	258	0
chr2	9000001	10000000	259	0
chr2	10000001	11000000	260	0
chr2	11000001	12000000	261	0
chr2	12000001	13000000	262	0
chr2	13000001	14000000	263	0
chr2	14000001	15000000	264	0
chr2	15000001	16000000	265	0
chr2	16000001	17000000	266	0
chr2	17000001	18000000	267	0
chr2	18000001	19000000	268	0
chr2	19000001	20000000	269	0
chr2	20000001	21000000	270	0
chr2	21000001	22000000	271	0
chr2	22000001	23000000	272	0
chr2	23000001	24000000	273	0
chr2	24000001	25000000	274	0
chr2	25000001	26000000	275	0
chr2	26000001	27000000	276	0
chr2	27000001	28000000	277	0
chr2	28000001	29000000	278	0
chr2	29000001	30000000	279	0
chr2	30000001	31000000	280	0
chr2	31000001	32000000	281	0
chr2	32000001	33000000	282	0
chr2	33000001	34000000	283	0
chr2	34000001	35000000	284	0
chr2	35000001	36000000	285	0
chr2	36000001	37000000	286	0
chr2	37000001	38000000	287	0
chr2	38000001	39000000	288	0
chr2	39000001	40000000	289	0
chr2	40000001	41000000	290	0
chr2	41000001	42000000	291	0
chr2	42000001	43000000	292	0
chr2	43000001	44000000	293	0
chr2	44000001	45000000	294	0
chr2	45000001	46000000	295	0
chr2	46000001	47000000	296	0
chr2	47000001	48000000	297	0
chr2	48000001	49000000	298	0
chr2	49000001	50000000	299	0
chr2	50000001	51000000	300	0
chr2	51000001	52000000	301	0
chr2	52000001	53000000	302	0
chr2	53000001	54000000	303	0
chr2	54000001	55000000	304	0
chr2	55000001	56000000	305	0
chr2	56000001	57000000	306	0
chr2	57000001	58000000	307	0
chr2	58000001	59000000	308	0
chr2	59000001	60000000	309	0
chr2	60000001	61000000	310	0
chr2	61000001	62000000	311	0
chr2	62000001	63000000	312	0
chr2	63000001	64000000	313	0
chr2	64000001	65000000	314	0
chr2	65000001	66000000	315	0
chr2	66000001	67000000	316	0
chr2	67000001	68000000	317	0
chr2	68000001	69000000	318	0
chr2	69000001	70000000	319	0
chr2	70000001	71000000	320	0
chr2	71000001	72000000	321	0
chr2	72000001	73000000	322	0
chr2	73000001	74000000	323	0
chr2	74000001	75000000	324	0
chr2	75000001	76000000	325	0
chr2	76000001	77000000	326	0
chr2	77000001	78000000	327	0
chr2	78000001	79000000	328	0
chr2	79000001	80000000	329	0
chr2	80000001	81000000	330	0
chr2	81000001	82000000	331	0
chr2	82000001	83000000	332	0
chr2	83000001	84000000	333	0
chr2	84000001	85000000	334	0
chr2	85000001	86000000	335	0
chr2	86000001	87000000	336	0
chr2	87000001	88000000	337	0
chr2	88000001	89000000	338	0
chr2	89000001	90000000	339	0
chr2	90000001	91000000	340	0
chr2	91000001	92000000	341	0
chr2	92000001	93000000	342	0
chr2	93000001	94000000	343	0
chr2	94000001	95000000	344	0
chr2	95000001	96000000	345	0
chr2	96000001	97000000	346	0
chr2	97000001	98000000	347	0
chr2	98000001	99000000	348	0
chr2	99000001	100000000	349	0
chr2	100000001	101000000	350	0
chr2	101000001	102000000	351	0
chr2	102000001	103000000	352	0
chr2	103000001	104000000	353	0
chr2	104000001	105000000	354	0
chr2	105000001	106000000	355	0
chr2	106000001	107000000	356	0
chr2	107000001	108000000	357	0
chr2	108000001	109000000	358	0
chr2	109000001	110000000	359	0
chr2	110000001	111000000	360	0
chr2	111000001	112000000	361	0
chr2	112000001	113000000	362	0
chr2	113000001	114000000	363	0
chr2	114000001	115000000	364	0
chr2	115000001	116000000	365	0
chr2	116000001	117000000	366	0
chr2	117000001	118000000	367	0
chr2	118000001	119000000	368	0
chr2	119000001	120000000	369	0
chr2	120000001	121000000	370	0
chr2	121000001	122000000	371	0
chr2	122000001	123000000	372	0
chr2	123000001	124000000	373	0
chr2	124000001	125000000	374	0
chr2	125000001	126000000	375	0
chr2	126000001	127000000	376	0
chr2	127000001	128000000	377	0
chr2	128000001	129000000	378	0
chr2	129000001	130000000	379	0
chr2	130000001	131000000	380	0
chr2	131000001	132000000	381	0
chr2	132000001	133000000	382	0
chr2	133000001	134000000	383	0
chr2	134000001	135000000	384	0
chr2	135000001	136000000	385	0
chr2	136000001	137000000	386	0
chr2	137000001	138000000	387	0
chr2	138000001	139000000	388	0
chr2	139000001	140000000	389	0
chr2	140000001	141000000	390	0
chr2	141000001	142000000	391	0
chr2	142000001	143000000	392	0
chr2	143000001	144000000	393	0
chr2	144000001	145000000	394	0
chr2	145000001	146000000	395	0
chr2	146000001	147000000	396	0
chr2	147000001	148000000	397	0
chr2	148000001	149000000	398	0
chr2	149000001	150000000	399	0
chr2	150000001	151000000	400	0
chr2	151000001	152000000	401	0
chr2	152000001	153000000	402	0
chr2	153000001	154000000	403	0
chr2	154000001	155000000	404	0
chr2	155000001	156000000	405	0
chr2	156000001	157000000	406	0
chr2	157000001	158000000	407	0
chr2	158000001	159000000	408	0
chr2	159000001	160000000	409	0
chr2	160000001	161000000	410	0
chr2	161000001	162000000	411	0
chr2	162000001	163000000	412	0
chr2	163000001	164000000	413	0
chr2	164000001	165000000	414	0
chr2	165000001	166000000	415	0
chr2	166000001	167000000	416	0
chr2	167000001	168000000	417	0
chr2	168000001	169000000	418	0
chr2	169000001	170000000	419	0
chr2	170000001	171000000	420	0
chr2	171000001	172000000	421	0
chr2	172000001	173000000	422	0
chr2	173000001	174000000	423	0
chr2	174000001	175000000	424	0
chr2	175000001	176000000	425	0
chr2	176000001	177000000	426	0
chr2	177000001	178000000	427	0
chr2	178000001	179000000	428	0
chr2	179000001	180000000	429	0
chr2	180000001	181000000	430	0
chr2	181000001	182000000	431	0
chr2	182000001	183000000	432	0
chr2	183000001	184000000	433	0
chr2	184000001	185000000	434	0
chr2	185000001	186000000	435	0
chr2	186000001	187000000	436	0
chr2	187000001	188000000	437	0
chr2	188000001	189000000	438	0
chr2	189000001	190000000	439	0
chr2	190000001	191000000	440	0
chr2	191000001	192000000	441	0
chr2	192000001	193000000	442	0
chr2	193000001	194000000	443	0
chr2	194000001	195000000	444	0
chr2	195000001	196000000	445	0
chr2	196000001	197000000	446	0
chr2	197000001	198000000	447	0
chr2	198000001	199000000	448	0
chr2	199000001	200000000	449	0
chr2	200000001	201000000	450	0
chr2	201000001	202000000	451	0
chr2	202000001	203000000	452	0
chr2	203000001	204000000	453	0
chr2	204000001	205000000	454	0
chr2	205000001	206000000	455	0
chr2	206000001	207000000	456	0
chr2	207000001	208000000	457	0
chr2	208000001	209000000	458	0
chr2	209000001	210000000	459	0
chr2	210000001	211000000	460	0
chr2	211000001	212000000	461	0
chr2	212000001	213000000	462	0
chr2	213000001	214000000	463	0
chr2	214000001	215000000	464	0
chr2	215000001	216000000	465	0
chr2	216000001	217000000	466	0
chr2	217000001	218000000	467	0
chr2	218000001	219000000	468	0
chr2	219000001	220000000	469	0
chr2	220000001	221000000	470	0
chr2	221000001	222000000	471	0
chr2	222000001	223000000	472	0
chr2	223000001	224000000	473	0
chr2	224000001	225000000	474	0
chr2	225000001	226000000	475	0
chr2	226000001	227000000	476	0
chr2	227000001	228000000	477	0
chr2	228000001	229000000	478	0
chr2	229000001	230000000	479	0
chr2	230000001	231000000	480	0
chr2	231000001	232000000	481	0
chr2	232000001	233000000	482	0
chr2	233000001	234000000	483	0
chr2	234000001	235000000	484	0
chr2	235000001	236000000	485	0
chr2	236000001	237000000	486	0
chr2	237000001	238000000	487	0
chr2	238000001	239000000	488	0
chr2	239000001	240000000	489	0
chr2	240000001	241000000	490	0
chr2	241000001	242000000	491	0
chr2	242000001	243000000	492	0
chr2	243000001	243199373	493	0
chr3	1	1000000	494	0
chr3	1000001	2000000	495	0
chr3	2000001	3000000	496	0
chr3	3000001	4000000	497	0
chr3	4000001	5000000	498	0
chr3	5000001	6000000	499	0
chr3	6000001	7000000	500	0
chr3	7000001	8000000	501	0
chr3	8000001	9000000	502	0
chr3	9000001	10000000	503	0
chr3	10000001	11000000	504	0
chr3	11000001	12000000	505	0
chr3	12000001	13000000	506	0
chr3	13000001	14000000	507	0
chr3	14000001	15000000	508	0
chr3	15000001	16000000	509	0
chr3	16000001	17000000	510	0
chr3	17000001	18000000	511	0
chr3	18000001	19000000	512	0
chr3	19000001	20000000	513	0
chr3	20000001	21000000	514	0
chr3	21000001	22000000	515	0
chr3	22000001	23000000	516	0
chr3	23000001	24000000	517	0
chr3	24000001	25000000	518	0
chr3	25000001	26000000	519	0
chr3	26000001	27000000	520	0
chr3	27000001	28000000	521	0
chr3	28000001	29000000	522	0
chr3	29000001	30000000	523	0
chr3	30000001	31000000	524	0
chr3	31000001	32000000	525	0
chr3	32000001	33000000	526	0
chr3	33000001	34000000	527	0
chr3	34000001	35000000	528	0
chr3	35000001	36000000	529	0
chr3	36000001	37000000	530	0
chr3	37000001	38000000	531	0
chr3	38000001	39000000	532	0
chr3	39000001	40000000	533	0
chr3	40000001	41000000	534	0
chr3	41000001	42000000	535	0
chr3	42000001	43000000	536	0
chr3	43000001	44000000	537	0
chr3	44000001	45000000	538	0
chr3	45000001	46000000	539	0
chr3	46000001	47000000	540	0
chr3	47000001	48000000	541	0
chr3	48000001	49000000	542	0
chr3	49000001	50000000	543	0
chr3	50000001	51000000	544	0
chr3	51000001	52000000	545	0
chr3	52000001	53000000	546	0
chr3	53000001	54000000	547	0
chr3	54000001	55000000	548	0
chr3	55000001	56000000	549	0
chr3	56000001	57000000	550	0
chr3	57000001	58000000	551	0
chr3	58000001	59000000	552	0
chr3	59000001	60000000	553	0
chr3	60000001	61000000	554	0
chr3	61000001	62000000	555	0
chr3	62000001	63000000	556	0
chr3	63000001	64000000	557	0
chr3	64000001	65000000	558	0
chr3	65000001	66000000	559	0
chr3	66000001	67000000	560	0
chr3	67000001	68000000	561	0
chr3	68000001	69000000	562	0
chr3	69000001	70000000	563	0
chr3	70000001	71000000	564	0
chr3	71000001	72000000	565	0
chr3	72000001	73000000	566	0
chr3	73000001	74000000	567	0
chr3	74000001	75000000	568	0
chr3	75000001	76000000	569	0
chr3	76000001	77000000	570	0
chr3	77000001	78000000	571	0
chr3	78000001	79000000	572	0
chr3	79000001	80000000	573	0
chr3	80000001	81000000	574	0
chr3	81000001	82000000	575	0
chr3	82000001	83000000	576	0
chr3	83000001	84000000	577	0
chr3	84000001	85000000	578	0
chr3	85000001	86000000	579	0
chr3	86000001	87000000	580	0
chr3	87000001	88000000	581	0
chr3	88000001	89000000	582	0
chr3	89000001	90000000	583	0
chr3	90000001	91000000	584	0
chr3	91000001	92000000	585	0
chr3	92000001	93000000	586	0
chr3	93000001	94000000	587	0
chr3	94000001	95000000	588	0
chr3	95000001	96000000	589	0
chr3	96000001	97000000	590	0
chr3	97000001	98000000	591	0
chr3	98000001	99000000	592	0
chr3	99000001	100000000	593	0
chr3	100000001	101000000	594	0
chr3	101000001	102000000	595	0
chr3	102000001	103000000	596	0
chr3	103000001	104000000	597	0
chr3	104000001	105000000	598	0
chr3	105000001	106000000	599	0
chr3	106000001	107000000	600	0
chr3	107000001	108000000	601	0
chr3	108000001	109000000	602	0
chr3	109000001	110000000	603	0
chr3	110000001	111000000	604	0
chr3	111000001	112000000	605	0
chr3	112000001	113000000	606	0
chr3	113000001	114000000	607	0
chr3	114000001	115000000	608	0
chr3	115000001	116000000	609	0
chr3	116000001	117000000	610	0
chr3	117000001	118000000	611	0
chr3	118000001	119000000	612	0
chr3	119000001	120000000	613	0
chr3	120000001	121000000	614	0
chr3	121000001	122000000	615	0
chr3	122000001	123000000	616	0
chr3	123000001	124000000	617	0
chr3	124000001	125000000	618	0
chr3	125000001	126000000	619	0
chr3	126000001	127000000	620	0
chr3	127000001	128000000	621	0
chr3	128000001	129000000	622	0
chr3	129000001	130000000	623	0
chr3	130000001	131000000	624	0
chr3	131000001	132000000	625	0
chr3	132000001	133000000	626	0
chr3	133000001	134000000	627	0
chr3	134000001	135000000	628	0
chr3	135000001	136000000	629	0
chr3	136000001	137000000	630	0
chr3	137000001	138000000	631	0
chr3	138000001	139000000	632	0
chr3	139000001	140000000	633	0
chr3	140000001	141000000	634	0
chr3	141000001	142000000	635	0
chr3	142000001	143000000	636	0
chr3	143000001	144000000	637	0
chr3	144000001	145000000	638	0
chr3	145000001	146000000	639	0
chr3	146000001	147000000	640	0
chr3	147000001	148000000	641	0
chr3	148000001	149000000	642	0
chr3	149000001	150000000	643	0
chr3	150000001	151000000	644	0
chr3	151000001	152000000	645	0
chr3	152000001	153000000	646	0
chr3	153000001	154000000	647	0
chr3	154000001	155000000	648	0
chr3	155000001	156000000	649	0
chr3	156000001	157000000	650	0
chr3	157000001	158000000	651	0
chr3	158000001	159000000	652	0
chr3	159000001	160000000	653	0
chr3	160000001	161000000	654	0
chr3	161000001	162000000	655	0
chr3	162000001	163000000	656	0
chr3	163000001	164000000	657	0
chr3	164000001	165000000	658	0
chr3	165000001	166000000	659	0
chr3	166000001	167000000	660	0
chr3	167000001	168000000	661	0
chr3	168000001	169000000	662	0
chr3	169000001	170000000	663	0
chr3	170000001	171000000	664	0
chr3	171000001	172000000	665	0
chr3	172000001	173000000	666	0
chr3	173000001	174000000	667	0
chr3	174000001	175000000	668	0
chr3	175000001	176000000	669	0
chr3	176000001	177000000	670	0
chr3	177000001	178000000	671	0
chr3	178000001	179000000	672	0
chr3	179000001	180000000	673	0
chr3	180000001	181000000	674	0
chr3	181000001	182000000	675	0
chr3	182000001	183000000	676	0
chr3	183000001	184000000	677	0
chr3	184000001	185000000	678	0
chr3	185000001	186000000	679	0
chr3	186000001	187000000	680	0
chr3	187000001	188000000	681	0
chr3	188000001	189000000	682	0
chr3	189000001	190000000	683	0
chr3	190000001	191000000	684	0
chr3	191000001	192000000	685	0
chr3	192000001	193000000	686	0
chr3	193000001	194000000	687	0
chr3	194000001	195000000	688	0
chr3	195000001	196000000	689	0
chr3	196000001	197000000	690	0
chr3	197000001	198022430	691	0
chr4	1	1000000	692	0
chr4	1000001	2000000	693	0
chr4	2000001	3000000	694	0
chr4	3000001	4000000	695	0
chr4	4000001	5000000	696	0
chr4	5000001	6000000	697	0
chr4	6000001	7000000	698	0
chr4	7000001	8000000	699	0
chr4	8000001	9000000	700	0
chr4	9000001	10000000	701	0
chr4	10000001	11000000	702	0
chr4	11000001	12000000	703	0
chr4	12000001	13000000	704	0
chr4	13000001	14000000	705	0
chr4	14000001	15000000	706	0
chr4	15000001	16000000	707	0
chr4	16000001	17000000	708	0
chr4	17000001	18000000	709	0
chr4	18000001	19000000	710	0
chr4	19000001	20000000	711	0
chr4	20000001	21000000	712	0
chr4	21000001	22000000	713	0
chr4	22000001	23000000	714	0
chr4	23000001	24000000	715	0
chr4	24000001	25000000	716	0
chr4	25000001	26000000	717	0
chr4	26000001	27000000	718	0
chr4	27000001	28000000	719	0
chr4	28000001	29000000	720	0
chr4	29000001	30000000	721	0
chr4	30000001	31000000	722	0
chr4	31000001	32000000	723	0
chr4	32000001	33000000	724	0
chr4	33000001	34000000	725	0
chr4	34000001	35000000	726	0
chr4	35000001	36000000	727	0
chr4	36000001	37000000	728	0
chr4	37000001	38000000	729	0
chr4	38000001	39000000	730	0
chr4	39000001	40000000	731	0
chr4	40000001	41000000	732	0
chr4	41000001	42000000	733	0
chr4	42000001	43000000	734	0
chr4	43000001	44000000	735	0
chr4	44000001	45000000	736	0
chr4	45000001	46000000	737	0
chr4	46000001	47000000	738	0
chr4	47000001	48000000	739	0
chr4	48000001	49000000	740	0
chr4	49000001	50000000	741	0
chr4	50000001	51000000	742	0
chr4	51000001	52000000	743	0
chr4	52000001	53000000	744	0
chr4	53000001	54000000	745	0
chr4	54000001	55000000	746	0
chr4	55000001	56000000	747	0
chr4	56000001	57000000	748	0
chr4	57000001	58000000	749	0
chr4	58000001	59000000	750	0
chr4	59000001	60000000	751	0
chr4	60000001	61000000	752	0
chr4	61000001	62000000	753	0
chr4	62000001	63000000	754	0
chr4	63000001	64000000	755	0
chr4	64000001	65000000	756	0
chr4	65000001	66000000	757	0
chr4	66000001	67000000	758	0
chr4	67000001	68000000	759	0
chr4	68000001	69000000	760	0
chr4	69000001	70000000	761	0
chr4	70000001	71000000	762	0
chr4	71000001	72000000	763	0
chr4	72000001	73000000	764	0
chr4	73000001	74000000	765	0
chr4	74000001	75000000	766	0
chr4	75000001	76000000	767	0
chr4	76000001	77000000	768	0
chr4	77000001	78000000	769	0
chr4	78000001	79000000	770	0
chr4	79000001	80000000	771	0
chr4	80000001	81000000	772	0
chr4	81000001	82000000	773	0
chr4	82000001	83000000	774	0
chr4	83000001	84000000	775	0
chr4	84000001	85000000	776	0
chr4	85000001	86000000	777	0
chr4	86000001	87000000	778	0
chr4	87000001	88000000	779	0
chr4	88000001	89000000	780	0
chr4	89000001	90000000	781	0
chr4	90000001	91000000	782	0
chr4	91000001	92000000	783	0
chr4	92000001	93000000	784	0
chr4	93000001	94000000	785	0
chr4	94000001	95000000	786	0
chr4	95000001	96000000	787	0
chr4	96000001	97000000	788	0
chr4	97000001	98000000	789	0
chr4	98000001	99000000	790	0
chr4	99000001	100000000	791	0
chr4	100000001	101000000	792	0
chr4	101000001	102000000	793	0
chr4	102000001	103000000	794	0
chr4	103000001	104000000	795	0
chr4	104000001	105000000	796	0
chr4	105000001	106000000	797	0
chr4	106000001	107000000	798	0
chr4	107000001	108000000	799	0
chr4	108000001	109000000	800	0
chr4	109000001	110000000	801	0
chr4	110000001	111000000	802	0
chr4	111000001	112000000	803	0
chr4	112000001	113000000	804	0
chr4	113000001	114000000	805	0
chr4	114000001	115000000	806	0
chr4	115000001	116000000	807	0
chr4	116000001	117000000	808	0
chr4	117000001	118000000	809	0
chr4	118000001	119000000	810	0
chr4	119000001	120000000	811	0
chr4	120000001	121000000	812	0
chr4	121000001	122000000	813	0
chr4	122000001	123000000	814	0
chr4	123000001	124000000	815	0
chr4	124000001	125000000	816	0
chr4	125000001	126000000	817	0
chr4	126000001	127000000	818	0
chr4	127000001	128000000	819	0
chr4	128000001	129000000	820	0
chr4	129000001	130000000	821	0
chr4	130000001	131000000	822	0
chr4	131000001	132000000	823	0
chr4	132000001	133000000	824	0
chr4	133000001	134000000	825	0
chr4	134000001	135000000	826	0
chr4	135000001	136000000	827	0
chr4	136000001	137000000	828	0
chr4	137000001	138000000	829	0
chr4	138000001	139000000	830	0
chr4	139000001	140000000	831	0
chr4	140000001	141000000	832	0
chr4	141000001	142000000	833	0
chr4	142000001	143000000	834	0
chr4	143000001	144000000	835	0
chr4	144000001	145000000	836	0
chr4	145000001	146000000	837	0
chr4	146000001	147000000	838	0
chr4	147000001	148000000	839	0
chr4	148000001	149000000	840	0
chr4	149000001	150000000	841	0
chr4	150000001	151000000	842	0
chr4	151000001	152000000	843	0
chr4	152000001	153000000	844	0
chr4	153000001	154000000	845	0
chr4	154000001	155000000	846	0
chr4	155000001	156000000	847	0
chr4	156000001	157000000	848	0
chr4	157000001	158000000	849	0
chr4	158000001	159000000	850	0
chr4	159000001	160000000	851	0
chr4	160000001	161000000	852	0
chr4	161000001	162000000	853	0
chr4	162000001	163000000	854	0
chr4	163000001	164000000	855	0
chr4	164000001	165000000	856	0
chr4	165000001	166000000	857	0
chr4	166000001	167000000	858	0
chr4	167000001	168000000	859	0
chr4	168000001	169000000	860	0
chr4	169000001	170000000	861	0
chr4	170000001	171000000	862	0
chr4	171000001	172000000	863	0
chr4	172000001	173000000	864	0
chr4	173000001	174000000	865	0
chr4	174000001	175000000	866	0
chr4	175000001	176000000	867	0
chr4	176000001	177000000	868	0
chr4	177000001	178000000	869	0
chr4	178000001	179000000	870	0
chr4	179000001	180000000	871	0
chr4	180000001	181000000	872	0
chr4	181000001	182000000	873	0
chr4	182000001	183000000	874	0
chr4	183000001	184000000	875	0
chr4	184000001	185000000	876	0
chr4	185000001	186000000	877	0
chr4	186000001	187000000	878	0
chr4	187000001	188000000	879	0
chr4	188000001	189000000	880	0
chr4	189000001	190000000	881	0
chr4	190000001	191000000	882	0
chr4	191000001	191154276	883	0
chr5	1	1000000	884	0
chr5	1000001	2000000	885	0
chr5	2000001	3000000	886	0
chr5	3000001	4000000	887	0
chr5	4000001	5000000	888	0
chr5	5000001	6000000	889	0
chr5	6000001	7000000	890	0
chr5	7000001	8000000	891	0
chr5	8000001	9000000	892	0
chr5	9000001	10000000	893	0
chr5	10000001	11000000	894	0
chr5	11000001	12000000	895	0
chr5	12000001	13000000	896	0
chr5	13000001	14000000	897	0
chr5	14000001	15000000	898	0
chr5	15000001	16000000	899	0
chr5	16000001	17000000	900	0
chr5	17000001	18000000	901	0
chr5	18000001	19000000	902	0
chr5	19000001	20000000	903	0
chr5	20000001	21000000	904	0
chr5	21000001	22000000	905	0
chr5	22000001	23000000	906	0
chr5	23000001	24000000	907	0
chr5	24000001	25000000	908	0
chr5	25000001	26000000	909	0
chr5	26000001	27000000	910	0
chr5	27000001	28000000	911	0
chr5	28000001	29000000	912	0
chr5	29000001	30000000	913	0
chr5	30000001	31000000	914	0
chr5	31000001	32000000	915	0
chr5	32000001	33000000	916	0
chr5	33000001	34000000	917	0
chr5	34000001	35000000	918	0
chr5	35000001	36000000	919	0
chr5	36000001	37000000	920	0
chr5	37000001	38000000	921	0
chr5	38000001	39000000	922	0
chr5	39000001	40000000	923	0
chr5	40000001	41000000	924	0
chr5	41000001	42000000	925	0
chr5	42000001	43000000	926	0
chr5	43000001	44000000	927	0
chr5	44000001	45000000	928	0
chr5	45000001	46000000	929	0
chr5	46000001	47000000	930	0
chr5	47000001	48000000	931	0
chr5	48000001	49000000	932	0
chr5	49000001	50000000	933	0
chr5	50000001	51000000	934	0
chr5	51000001	52000000	935	0
chr5	52000001	53000000	936	0
chr5	53000001	54000000	937	0
chr5	54000001	55000000	938	0
chr5	55000001	56000000	939	0
chr5	56000001	57000000	940	0
chr5	57000001	58000000	941	0
chr5	58000001	59000000	942	0
chr5	59000001	60000000	943	0
chr5	60000001	61000000	944	0
chr5	61000001	62000000	945	0
chr5	62000001	63000000	946	0
chr5	63000001	64000000	947	0
chr5	64000001	65000000	948	0
chr5	65000001	66000000	949	0
chr5	66000001	67000000	950	0
chr5	67000001	68000000	951	0
chr5	68000001	69000000	952	0
chr5	69000001	70000000	953	0
chr5	70000001	71000000	954	0
chr5	71000001	72000000	955	0
chr5	72000001	73000000	956	0
chr5	73000001	74000000	957	0
chr5	74000001	75000000	958	0
chr5	75000001	76000000	959	0
chr5	76000001	77000000	960	0
chr5	77000001	78000000	961	0
chr5	78000001	79000000	962	0
chr5	79000001	80000000	963	0
chr5	80000001	81000000	964	0
chr5	81000001	82000000	965	0
chr5	82000001	83000000	966	0
chr5	83000001	84000000	967	0
chr5	84000001	85000000	968	0
chr5	85000001	86000000	969	0
chr5	86000001	87000000	970	0
chr5	87000001	88000000	971	0
chr5	88000001	89000000	972	0
chr5	89000001	90000000	973	0
chr5	90000001	91000000	974	0
chr5	91000001	92000000	975	0
chr5	92000001	93000000	976	0
chr5	93000001	94000000	977	0
chr5	94000001	95000000	978	0
chr5	95000001	96000000	979	0
chr5	96000001	97000000	980	0
chr5	97000001	98000000	981	0
chr5	98000001	99000000	982	0
chr5	99000001	100000000	983	0
chr5	100000001	101000000	984	0
chr5	101000001	102000000	985	0
chr5	102000001	103000000	986	0
chr5	103000001	104000000	987	0
chr5	104000001	105000000	988	0
chr5	105000001	106000000	989	0
chr5	106000001	107000000	990	0
chr5	107000001	108000000	991	0
chr5	108000001	109000000	992	0
chr5	109000001	110000000	993	0
chr5	110000001	111000000	994	0
chr5	111000001	112000000	995	0
chr5	112000001	113000000	996	0
chr5	113000001	114000000	997	0
chr5	114000001	115000000	998	0
chr5	115000001	116000000	999	0
chr5	116000001	117000000	1000	0
chr5	117000001	118000000	1001	0
chr5	118000001	119000000	1002	0
chr5	119000001	120000000	1003	0
chr5	120000001	121000000	1004	0
chr5	121000001	122000000	1005	0
chr5	122000001	123000000	1006	0
chr5	123000001	124000000	1007	0
chr5	124000001	125000000	1008	0
chr5	125000001	126000000	1009	0
chr5	126000001	127000000	1010	0
chr5	127000001	128000000	1011	0
chr5	128000001	129000000	1012	0
chr5	129000001	130000000	1013	0
chr5	130000001	131000000	1014	0
chr5	131000001	132000000	1015	0
chr5	132000001	133000000	1016	0
chr5	133000001	134000000	1017	0
chr5	134000001	135000000	1018	0
chr5	135000001	136000000	1019	0
chr5	136000001	137000000	1020	0
chr5	137000001	138000000	1021	0
chr5	138000001	139000000	1022	0
chr5	139000001	140000000	1023	0
chr5	140000001	141000000	1024	0
chr5	141000001	142000000	1025	0
chr5	142000001	143000000	1026	0
chr5	143000001	144000000	1027	0
chr5	144000001	145000000	1028	0
chr5	145000001	146000000	1029	0
chr5	146000001	147000000	1030	0
chr5	147000001	148000000	1031	0
chr5	148000001	149000000	1032	0
chr5	149000001	150000000	1033	0
chr5	150000001	151000000	1034	0
chr5	151000001	152000000	1035	0
chr5	152000001	153000000	1036	0
chr5	153000001	154000000	1037	0
chr5	154000001	155000000	1038	0
chr5	155000001	156000000	1039	0
chr5	156000001	157000000	1040	0
chr5	157000001	158000000	1041	0
chr5	158000001	159000000	1042	0
chr5	159000001	160000000	1043	0
chr5	160000001	161000000	1044	0
chr5	161000001	162000000	1045	0
chr5	162000001	163000000	1046	0
chr5	163000001	164000000	1047	0
chr5	164000001	165000000	1048	0
chr5	165000001	166000000	1049	0
chr5	166000001	167000000	1050	0
chr5	167000001	168000000	1051	0
chr5	168000001	169000000	1052	0
chr5	169000001	170000000	1053	0
chr5	170000001	171000000	1054	0
chr5	171000001	172000000	1055	0
chr5	172000001	173000000	1056	0
chr5	173000001	174000000	1057	0
chr5	174000001	175000000	1058	0
chr5	175000001	176000000	1059	0
chr5	176000001	177000000	1060	0
chr5	177000001	178000000	1061	0
chr5	178000001	179000000	1062	0
chr5	179000001	180000000	1063	0
chr5	180000001	180915260	1064	0
chr6	1	1000000	1065	0
chr6	1000001	2000000	1066	0
chr6	2000001	3000000	1067	0
chr6	3000001	4000000	1068	0
chr6	4000001	5000000	1069	0
chr6	5000001	6000000	1070	0
chr6	6000001	7000000	1071	0
chr6	7000001	8000000	1072	0
chr6	8000001	9000000	1073	0
chr6	9000001	10000000	1074	0
chr6	10000001	11000000	1075	0
chr6	11000001	12000000	1076	0
chr6	12000001	13000000	1077	0
chr6	13000001	14000000	1078	0
chr6	14000001	15000000	1079	0
chr6	15000001	16000000	1080	0
chr6	16000001	17000000	1081	0
chr6	17000001	18000000	1082	0
chr6	18000001	19000000	1083	0
chr6	19000001	20000000	1084	0
chr6	20000001	21000000	1085	0
chr6	21000001	22000000	1086	0
chr6	22000001	23000000	1087	0
chr6	23000001	24000000	1088	0
chr6	24000001	25000000	1089	0
chr6	25000001	26000000	1090	0
chr6	26000001	27000000	1091	0
chr6	27000001	28000000	1092	0
chr6	28000001	29000000	1093	0
chr6	29000001	30000000	1094	0
chr6	30000001	31000000	1095	0
chr6	31000001	32000000	1096	0
chr6	32000001	33000000	1097	0
chr6	33000001	34000000	1098	0
chr6	34000001	35000000	1099	0
chr6	35000001	36000000	1100	0
chr6	36000001	37000000	1101	0
chr6	37000001	38000000	1102	0
chr6	38000001	39000000	1103	0
chr6	39000001	40000000	1104	0
chr6	40000001	41000000	1105	0
chr6	41000001	42000000	1106	0
chr6	42000001	43000000	1107	0
chr6	43000001	44000000	1108	0
chr6	44000001	45000000	1109	0
chr6	45000001	46000000	1110	0
chr6	46000001	47000000	1111	0
chr6	47000001	48000000	1112	0
chr6	48000001	49000000	1113	0
chr6	49000001	50000000	1114	0
chr6	50000001	51000000	1115	0
chr6	51000001	52000000	1116	0
chr6	52000001	53000000	1117	0
chr6	53000001	54000000	1118	0
chr6	54000001	55000000	1119	0
chr6	55000001	56000000	1120	0
chr6	56000001	57000000	1121	0
chr6	57000001	58000000	1122	0
chr6	58000001	59000000	1123	0
chr6	59000001	60000000	1124	0
chr6	60000001	61000000	1125	0
chr6	61000001	62000000	1126	0
chr6	62000001	63000000	1127	0
chr6	63000001	64000000	1128	0
chr6	64000001	65000000	1129	0
chr6	65000001	66000000	1130	0
chr6	66000001	67000000	1131	0
chr6	67000001	68000000	1132	0
chr6	68000001	69000000	1133	0
chr6	69000001	70000000	1134	0
chr6	70000001	71000000	1135	0
chr6	71000001	72000000	1136	0
chr6	72000001	73000000	1137	0
chr6	73000001	74000000	1138	0
chr6	74000001	75000000	1139	0
chr6	75000001	76000000	1140	0
chr6	76000001	77000000	1141	0
chr6	77000001	78000000	1142	0
chr6	78000001	79000000	1143	0
chr6	79000001	80000000	1144	0
chr6	80000001	81000000	1145	0
chr6	81000001	82000000	1146	0
chr6	82000001	83000000	1147	0
chr6	83000001	84000000	1148	0
chr6	84000001	85000000	1149	0
chr6	85000001	86000000	1150	0
chr6	86000001	87000000	1151	0
chr6	87000001	88000000	1152	0
chr6	88000001	89000000	1153	0
chr6	89000001	90000000	1154	0
chr6	90000001	91000000	1155	0
chr6	91000001	92000000	1156	0
chr6	92000001	93000000	1157	0
chr6	93000001	94000000	1158	0
chr6	94000001	95000000	1159	0
chr6	95000001	96000000	1160	0
chr6	96000001	97000000	1161	0
chr6	97000001	98000000	1162	0
chr6	98000001	99000000	1163	0
chr6	99000001	100000000	1164	0
chr6	100000001	101000000	1165	0
chr6	101000001	102000000	1166	0
chr6	102000001	103000000	1167	0
chr6	103000001	104000000	1168	0
chr6	104000001	105000000	1169	0
chr6	105000001	106000000	1170	0
chr6	106000001	107000000	1171	0
chr6	107000001	108000000	1172	0
chr6	108000001	109000000	1173	0
chr6	109000001	110000000	1174	0
chr6	110000001	111000000	1175	0
chr6	111000001	112000000	1176	0
chr6	112000001	113000000	1177	0
chr6	113000001	114000000	1178	0
chr6	114000001	115000000	1179	0
chr6	115000001	116000000	1180	0
chr6	116000001	117000000	1181	0
chr6	117000001	118000000	1182	0
chr6	118000001	119000000	1183	0
chr6	119000001	120000000	1184	0
chr6	120000001	121000000	1185	0
chr6	121000001	122000000	1186	0
chr6	122000001	123000000	1187	0
chr6	123000001	124000000	1188	0
chr6	124000001	125000000	1189	0
chr6	125000001	126000000	1190	0
chr6	126000001	127000000	1191	0
chr6	127000001	128000000	1192	0
chr6	128000001	129000000	1193	0
chr6	129000001	130000000	1194	0
chr6	130000001	131000000	1195	0
chr6	131000001	132000000	1196	0
chr6	132000001	133000000	1197	0
chr6	133000001	134000000	1198	0
chr6	134000001	135000000	1199	0
chr6	135000001	136000000	1200	0
chr6	136000001	137000000	1201	0
chr6	137000001	138000000	1202	0
chr6	138000001	139000000	1203	0
chr6	139000001	140000000	1204	0
chr6	140000001	141000000	1205	0
chr6	141000001	142000000	1206	0
chr6	142000001	143000000	1207	0
chr6	143000001	144000000	1208	0
chr6	144000001	145000000	1209	0
chr6	145000001	146000000	1210	0
chr6	146000001	147000000	1211	0
chr6	147000001	148000000	1212	0
chr6	148000001	149000000	1213	0
chr6	149000001	150000000	1214	0
chr6	150000001	151000000	1215	0
chr6	151000001	152000000	1216	0
chr6	152000001	153000000	1217	0
chr6	153000001	154000000	1218	0
chr6	154000001	155000000	1219	0
chr6	155000001	156000000	1220	0
chr6	156000001	157000000	1221	0
chr6	157000001	158000000	1222	0
chr6	158000001	159000000	1223	0
chr6	159000001	160000000	1224	0
chr6	160000001	161000000	1225	0
chr6	161000001	162000000	1226	0
chr6	162000001	163000000	1227	0
chr6	163000001	164000000	1228	0
chr6	164000001	165000000	1229	0
chr6	165000001	166000000	1230	0
chr6	166000001	167000000	1231	0
chr6	167000001	168000000	1232	0
chr6	168000001	169000000	1233	0
chr6	169000001	170000000	1234	0
chr6	170000001	171000000	1235	0
chr6	171000001	171115067	1236	0
chr7	1	1000000	1237	0
chr7	1000001	2000000	1238	0
chr7	2000001	3000000	1239	0
chr7	3000001	4000000	1240	0
chr7	4000001	5000000	1241	0
chr7	5000001	6000000	1242	0
chr7	6000001	7000000	1243	0
chr7	7000001	8000000	1244	0
chr7	8000001	9000000	1245	0
chr7	9000001	10000000	1246	0
chr7	10000001	11000000	1247	0
chr7	11000001	12000000	1248	0
chr7	12000001	13000000	1249	0
chr7	13000001	14000000	1250	0
chr7	14000001	15000000	1251	0
chr7	15000001	16000000	1252	0
chr7	16000001	17000000	1253	0
chr7	17000001	18000000	1254	0
chr7	18000001	19000000	1255	0
chr7	19000001	20000000	1256	0
chr7	20000001	21000000	1257	0
chr7	21000001	22000000	1258	0
chr7	22000001	23000000	1259	0
chr7	23000001	24000000	1260	0
chr7	24000001	25000000	1261	0
chr7	25000001	26000000	1262	0
chr7	26000001	27000000	1263	0
chr7	27000001	28000000	1264	0
chr7	28000001	29000000	1265	0
chr7	29000001	30000000	1266	0
chr7	30000001	31000000	1267	0
chr7	31000001	32000000	1268	0
chr7	32000001	33000000	1269	0
chr7	33000001	34000000	1270	0
chr7	34000001	35000000	1271	0
chr7	35000001	36000000	1272	0
chr7	36000001	37000000	1273	0
chr7	37000001	38000000	1274	0
chr7	38000001	39000000	1275	0
chr7	39000001	40000000	1276	0
chr7	40000001	41000000	1277	0
chr7	41000001	42000000	1278	0
chr7	42000001	43000000	1279	0
chr7	43000001	44000000	1280	0
chr7	44000001	45000000	1281	0
chr7	45000001	46000000	1282	0
chr7	46000001	47000000	1283	0
chr7	47000001	48000000	1284	0
chr7	48000001	49000000	1285	0
chr7	49000001	50000000	1286	0
chr7	50000001	51000000	1287	0
chr7	51000001	52000000	1288	0
chr7	52000001	53000000	1289	0
chr7	53000001	54000000	1290	0
chr7	54000001	55000000	1291	0
chr7	55000001	56000000	1292	0
chr7	56000001	57000000	1293	0
chr7	57000001	58000000	1294	0
chr7	58000001	59000000	1295	0
chr7	59000001	60000000	1296	0
chr7	60000001	61000000	1297	0
chr7	61000001	62000000	1298	0
chr7	62000001	63000000	1299	0
chr7	63000001	64000000	1300	0
chr7	64000001	65000000	1301	0
chr7	65000001	66000000	1302	0
chr7	66000001	67000000	1303	0
chr7	67000001	68000000	1304	0
chr7	68000001	69000000	1305	0
chr7	69000001	70000000	1306	0
chr7	70000001	71000000	1307	0
chr7	71000001	72000000	1308	0
chr7	72000001	73000000	1309	0
chr7	73000001	74000000	1310	0
chr7	74000001	75000000	1311	0
chr7	75000001	76000000	1312	0
chr7	76000001	77000000	1313	0
chr7	77000001	78000000	1314	0
chr7	78000001	79000000	1315	0
chr7	79000001	80000000	1316	0
chr7	80000001	81000000	1317	0
chr7	81000001	82000000	1318	0
chr7	82000001	83000000	1319	0
chr7	83000001	84000000	1320	0
chr7	84000001	85000000	1321	0
chr7	85000001	86000000	1322	0
chr7	86000001	87000000	1323	0
chr7	87000001	88000000	1324	0
chr7	88000001	89000000	1325	0
chr7	89000001	90000000	1326	0
chr7	90000001	91000000	1327	0
chr7	91000001	92000000	1328	0
chr7	92000001	93000000	1329	0
chr7	93000001	94000000	1330	0
chr7	94000001	95000000	1331	0
chr7	95000001	96000000	1332	0
chr7	96000001	97000000	1333	0
chr7	97000001	98000000	1334	0
chr7	98000001	99000000	1335	0
chr7	99000001	100000000	1336	0
chr7	100000001	101000000	1337	0
chr7	101000001	102000000	1338	0
chr7	102000001	103000000	1339	0
chr7	103000001	104000000	1340	0
chr7	104000001	105000000	1341	0
chr7	105000001	106000000	1342	0
chr7	106000001	107000000	1343	0
chr7	107000001	108000000	1344	0
chr7	108000001	109000000	1345	0
chr7	109000001	110000000	1346	0
chr7	110000001	111000000	1347	0
chr7	111000001	112000000	1348	0
chr7	112000001	113000000	1349	0
chr7	113000001	114000000	1350	0
chr7	114000001	115000000	1351	0
chr7	115000001	116000000	1352	0
chr7	116000001	117000000	1353	0
chr7	117000001	118000000	1354	0
chr7	118000001	119000000	1355	0
chr7	119000001	120000000	1356	0
chr7	120000001	121000000	1357	0
chr7	121000001	122000000	1358	0
chr7	122000001	123000000	1359	0
chr7	123000001	124000000	1360	0
chr7	124000001	125000000	1361	0
chr7	125000001	126000000	1362	0
chr7	126000001	127000000	1363	0
chr7	127000001	128000000	1364	0
chr7	128000001	129000000	1365	0
chr7	129000001	130000000	1366	0
chr7	130000001	131000000	1367	0
chr7	131000001	132000000	1368	0
chr7	132000001	133000000	1369	0
chr7	133000001	134000000	1370	0
chr7	134000001	135000000	1371	0
chr7	135000001	136000000	1372	0
chr7	136000001	137000000	1373	0
chr7	137000001	138000000	1374	0
chr7	138000001	139000000	1375	0
chr7	139000001	140000000	1376	0
chr7	140000001	141000000	1377	0
chr7	141000001	142000000	1378	0
chr7	142000001	143000000	1379	0
chr7	143000001	144000000	1380	0
chr7	144000001	145000000	1381	0
chr7	145000001	146000000	1382	0
chr7	146000001	147000000	1383	0
chr7	147000001	148000000	1384	0
chr7	148000001	149000000	1385	0
chr7	149000001	150000000	1386	0
chr7	150000001	151000000	1387	0
chr7	151000001	152000000	1388	0
chr7	152000001	153000000	1389	0
chr7	153000001	154000000	1390	0
chr7	154000001	155000000	1391	0
chr7	155000001	156000000	1392	0
chr7	156000001	157000000	1393	0
chr7	157000001	158000000	1394	0
chr7	158000001	159000000	1395	0
chr7	159000001	159138663	1396	0
chr8	1	1000000	1397	0
chr8	1000001	2000000	1398	0
chr8	2000001	3000000	1399	0
chr8	3000001	4000000	1400	0
chr8	4000001	5000000	1401	0
chr8	5000001	6000000	1402	0
chr8	6000001	7000000	1403	0
chr8	7000001	8000000	1404	0
chr8	8000001	9000000	1405	0
chr8	9000001	10000000	1406	0
chr8	10000001	11000000	1407	0
chr8	11000001	12000000	1408	0
chr8	12000001	13000000	1409	0
chr8	13000001	14000000	1410	0
chr8	14000001	15000000	1411	0
chr8	15000001	16000000	1412	0
chr8	16000001	17000000	1413	0
chr8	17000001	18000000	1414	0
chr8	18000001	19000000	1415	0
chr8	19000001	20000000	1416	0
chr8	20000001	21000000	1417	0
chr8	21000001	22000000	1418	0
chr8	22000001	23000000	1419	0
chr8	23000001	24000000	1420	0
chr8	24000001	25000000	1421	0
chr8	25000001	26000000	1422	0
chr8	26000001	27000000	1423	0
chr8	27000001	28000000	1424	0
chr8	28000001	29000000	1425	0
chr8	29000001	30000000	1426	0
chr8	30000001	31000000	1427	0
chr8	31000001	32000000	1428	0
chr8	32000001	33000000	1429	0
chr8	33000001	34000000	1430	0
chr8	34000001	35000000	1431	0
chr8	35000001	36000000	1432	0
chr8	36000001	37000000	1433	0
chr8	37000001	38000000	1434	0
chr8	38000001	39000000	1435	0
chr8	39000001	40000000	1436	0
chr8	40000001	41000000	1437	0
chr8	41000001	42000000	1438	0
chr8	42000001	43000000	1439	0
chr8	43000001	44000000	1440	0
chr8	44000001	45000000	1441	0
chr8	45000001	46000000	1442	0
chr8	46000001	47000000	1443	0
chr8	47000001	48000000	1444	0
chr8	48000001	49000000	1445	0
chr8	49000001	50000000	1446	0
chr8	50000001	51000000	1447	0
chr8	51000001	52000000	1448	0
chr8	52000001	53000000	1449	0
chr8	53000001	54000000	1450	0
chr8	54000001	55000000	1451	0
chr8	55000001	56000000	1452	0
chr8	56000001	57000000	1453	0
chr8	57000001	58000000	1454	0
chr8	58000001	59000000	1455	0
chr8	59000001	60000000	1456	0
chr8	60000001	61000000	1457	0
chr8	61000001	62000000	1458	0
chr8	62000001	63000000	1459	0
chr8	63000001	64000000	1460	0
chr8	64000001	65000000	1461	0
chr8	65000001	66000000	1462	0
chr8	66000001	67000000	1463	0
chr8	67000001	68000000	1464	0
chr8	68000001	69000000	1465	0
chr8	69000001	70000000	1466	0
chr8	70000001	71000000	1467	0
chr8	71000001	72000000	1468	0
chr8	72000001	73000000	1469	0
chr8	73000001	74000000	1470	0
chr8	74000001	75000000	1471	0
chr8	75000001	76000000	1472	0
chr8	76000001	77000000	1473	0
chr8	77000001	78000000	1474	0
chr8	78000001	79000000	1475	0
chr8	79000001	80000000	1476	0
chr8	80000001	81000000	1477	0
chr8	81000001	82000000	1478	0
chr8	82000001	83000000	1479	0
chr8	83000001	84000000	1480	0
chr8	84000001	85000000	1481	0
chr8	85000001	86000000	1482	0
chr8	86000001	87000000	1483	0
chr8	87000001	88000000	1484	0
chr8	88000001	89000000	1485	0
chr8	89000001	90000000	1486	0
chr8	90000001	91000000	1487	0
chr8	91000001	92000000	1488	0
chr8	92000001	93000000	1489	0
chr8	93000001	94000000	1490	0
chr8	94000001	95000000	1491	0
chr8	95000001	96000000	1492	0
chr8	96000001	97000000	1493	0
chr8	97000001	98000000	1494	0
chr8	98000001	99000000	1495	0
chr8	99000001	100000000	1496	0
chr8	100000001	101000000	1497	0
chr8	101000001	102000000	1498	0
chr8	102000001	103000000	1499	0
chr8	103000001	104000000	1500	0
chr8	104000001	105000000	1501	0
chr8	105000001	106000000	1502	0
chr8	106000001	107000000	1503	0
chr8	107000001	108000000	1504	0
chr8	108000001	109000000	1505	0
chr8	109000001	110000000	1506	0
chr8	110000001	111000000	1507	0
chr8	111000001	112000000	1508	0
chr8	112000001	113000000	1509	0
chr8	113000001	114000000	1510	0
chr8	114000001	115000000	1511	0
chr8	115000001	116000000	1512	0
chr8	116000001	117000000	1513	0
chr8	117000001	118000000	1514	0
chr8	118000001	119000000	1515	0
chr8	119000001	120000000	1516	0
chr8	120000001	121000000	1517	0
chr8	121000001	122000000	1518	0
chr8	122000001	123000000	1519	0
chr8	123000001	124000000	1520	0
chr8	124000001	125000000	1521	0
chr8	125000001	126000000	1522	0
chr8	126000001	127000000	1523	0
chr8	127000001	128000000	1524	0
chr8	128000001	129000000	1525	0
chr8	129000001	130000000	1526	0
chr8	130000001	131000000	1527	0
chr8	131000001	132000000	1528	0
chr8	132000001	133000000	1529	0
chr8	133000001	134000000	1530	0
chr8	134000001	135000000	1531	0
chr8	135000001	136000000	1532	0
chr8	136000001	137000000	1533	0
chr8	137000001	138000000	1534	0
chr8	138000001	139000000	1535	0
chr8	139000001	140000000	1536	0
chr8	140000001	141000000	1537	0
chr8	141000001	142000000	1538	0
chr8	142000001	143000000	1539	0
chr8	143000001	144000000	1540	0
chr8	144000001	145000000	1541	0
chr8	145000001	146000000	1542	0
chr8	146000001	146364022	1543	0
chr9	1	1000000	1544	0
chr9	1000001	2000000	1545	0
chr9	2000001	3000000	1546	0
chr9	3000001	4000000	1547	0
chr9	4000001	5000000	1548	0
chr9	5000001	6000000	1549	0
chr9	6000001	7000000	1550	0
chr9	7000001	8000000	1551	0
chr9	8000001	9000000	1552	0
chr9	9000001	10000000	1553	0
chr9	10000001	11000000	1554	0
chr9	11000001	12000000	1555	0
chr9	12000001	13000000	1556	0
chr9	13000001	14000000	1557	0
chr9	14000001	15000000	1558	0
chr9	15000001	16000000	1559	0
chr9	16000001	17000000	1560	0
chr9	17000001	18000000	1561	0
chr9	18000001	19000000	1562	0
chr9	19000001	20000000	1563	0
chr9	20000001	21000000	1564	0
chr9	21000001	22000000	1565	0
chr9	22000001	23000000	1566	0
chr9	23000001	24000000	1567	0
chr9	24000001	25000000	1568	0
chr9	25000001	26000000	1569	0
chr9	26000001	27000000	1570	0
chr9	27000001	28000000	1571	0
chr9	28000001	29000000	1572	0
chr9	29000001	30000000	1573	0
chr9	30000001	31000000	1574	0
chr9	31000001	32000000	1575	0
chr9	32000001	33000000	1576	0
chr9	33000001	34000000	1577	0
chr9	34000001	35000000	1578	0
chr9	35000001	36000000	1579	0
chr9	36000001	37000000	1580	0
chr9	37000001	38000000	1581	0
chr9	38000001	39000000	1582	0
chr9	39000001	40000000	1583	0
chr9	40000001	41000000	1584	0
chr9	41000001	42000000	1585	0
chr9	42000001	43000000	1586	0
chr9	43000001	44000000	1587	0
chr9	44000001	45000000	1588	0
chr9	45000001	46000000	1589	0
chr9	46000001	47000000	1590	0
chr9	47000001	48000000	1591	0
chr9	48000001	49000000	1592	0
chr9	49000001	50000000	1593	0
chr9	50000001	51000000	1594	0
chr9	51000001	52000000	1595	0
chr9	52000001	53000000	1596	0
chr9	53000001	54000000	1597	0
chr9	54000001	55000000	1598	0
chr9	55000001	56000000	1599	0
chr9	56000001	57000000	1600	0
chr9	57000001	58000000	1601	0
chr9	58000001	59000000	1602	0
chr9	59000001	60000000	1603	0
chr9	60000001	61000000	1604	0
chr9	61000001	62000000	1605	0
chr9	62000001	63000000	1606	0
chr9	63000001	64000000	1607	0
chr9	64000001	65000000	1608	0
chr9	65000001	66000000	1609	0
chr9	66000001	67000000	1610	0
chr9	67000001	68000000	1611	0
chr9	68000001	69000000	1612	0
chr9	69000001	70000000	1613	0
chr9	70000001	71000000	1614	0
chr9	71000001	72000000	1615	0
chr9	72000001	73000000	1616	0
chr9	73000001	74000000	1617	0
chr9	74000001	75000000	1618	0
chr9	75000001	76000000	1619	0
chr9	76000001	77000000	1620	0
chr9	77000001	78000000	1621	0
chr9	78000001	79000000	1622	0
chr9	79000001	80000000	1623	0
chr9	80000001	81000000	1624	0
chr9	81000001	82000000	1625	0
chr9	82000001	83000000	1626	0
chr9	83000001	84000000	1627	0
chr9	84000001	85000000	1628	0
chr9	85000001	86000000	1629	0
chr9	86000001	87000000	1630	0
chr9	87000001	88000000	1631	0
chr9	88000001	89000000	1632	0
chr9	89000001	90000000	1633	0
chr9	90000001	91000000	1634	0
chr9	91000001	92000000	1635	0
chr9	92000001	93000000	1636	0
chr9	93000001	94000000	1637	0
chr9	94000001	95000000	1638	0
chr9	95000001	96000000	1639	0
chr9	96000001	97000000	1640	0
chr9	97000001	98000000	1641	0
chr9	98000001	99000000	1642	0
chr9	99000001	100000000	1643	0
chr9	100000001	101000000	1644	0
chr9	101000001	102000000	1645	0
chr9	102000001	103000000	1646	0
chr9	103000001	104000000	1647	0
chr9	104000001	105000000	1648	0
chr9	105000001	106000000	1649	0
chr9	106000001	107000000	1650	0
chr9	107000001	108000000	1651	0
chr9	108000001	109000000	1652	0
chr9	109000001	110000000	1653	0
chr9	110000001	111000000	1654	0
chr9	111000001	112000000	1655	0
chr9	112000001	113000000	1656	0
chr9	113000001	114000000	1657	0
chr9	114000001	115000000	1658	0
chr9	115000001	116000000	1659	0
chr9	116000001	117000000	1660	0
chr9	117000001	118000000	1661	0
chr9	118000001	119000000	1662	0
chr9	119000001	120000000	1663	0
chr9	120000001	121000000	1664	0
chr9	121000001	122000000	1665	0
chr9	122000001	123000000	1666	0
chr9	123000001	124000000	1667	0
chr9	124000001	125000000	1668	0
chr9	125000001	126000000	1669	0
chr9	126000001	127000000	1670	0
chr9	127000001	128000000	1671	0
chr9	128000001	129000000	1672	0
chr9	129000001	130000000	1673	0
chr9	130000001	131000000	1674	0
chr9	131000001	132000000	1675	0
chr9	132000001	133000000	1676	0
chr9	133000001	134000000	1677	0
chr9	134000001	135000000	1678	0
chr9	135000001	136000000	1679	0
chr9	136000001	137000000	1680	0
chr9	137000001	138000000	1681	0
chr9	138000001	139000000	1682	0
chr9	139000001	140000000	1683	0
chr9	140000001	141000000	1684	0
chr9	141000001	141213431	1685	0
chr10	1	1000000	1686	0
chr10	1000001	2000000	1687	0
chr10	2000001	3000000	1688	0
chr10	3000001	4000000	1689	0
chr10	4000001	5000000	1690	0
chr10	5000001	6000000	1691	0
chr10	6000001	7000000	1692	0
chr10	7000001	8000000	1693	0
chr10	8000001	9000000	1694	0
chr10	9000001	10000000	1695	0
chr10	10000001	11000000	1696	0
chr10	11000001	12000000	1697	0
chr10	12000001	13000000	1698	0
chr10	13000001	14000000	1699	0
chr10	14000001	15000000	1700	0
chr10	15000001	16000000	1701	0
chr10	16000001	17000000	1702	0
chr10	17000001	18000000	1703	0
chr10	18000001	19000000	1704	0
chr10	19000001	20000000	1705	0
chr10	20000001	21000000	1706	0
chr10	21000001	22000000	1707	0
chr10	22000001	23000000	1708	0
chr10	23000001	24000000	1709	0
chr10	24000001	25000000	1710	0
chr10	25000001	26000000	1711	0
chr10	26000001	27000000	1712	0
chr10	27000001	28000000	1713	0
chr10	28000001	29000000	1714	0
chr10	29000001	30000000	1715	0
chr10	30000001	31000000	1716	0
chr10	31000001	32000000	1717	0
chr10	32000001	33000000	1718	0
chr10	33000001	34000000	1719	0
chr10	34000001	35000000	1720	0
chr10	35000001	36000000	1721	0
chr10	36000001	37000000	1722	0
chr10	37000001	38000000	1723	0
chr10	38000001	39000000	1724	0
chr10	39000001	40000000	1725	0
chr10	40000001	41000000	1726	0
chr10	41000001	42000000	1727	0
chr10	42000001	43000000	1728	0
chr10	43000001	44000000	1729	0
chr10	44000001	45000000	1730	0
chr10	45000001	46000000	1731	0
chr10	46000001	47000000	1732	0
chr10	47000001	48000000	1733	0
chr10	48000001	49000000	1734	0
chr10	49000001	50000000	1735	0
chr10	50000001	51000000	1736	0
chr10	51000001	52000000	1737	0
chr10	52000001	53000000	1738	0
chr10	53000001	54000000	1739	0
chr10	54000001	55000000	1740	0
chr10	55000001	56000000	1741	0
chr10	56000001	57000000	1742	0
chr10	57000001	58000000	1743	0
chr10	58000001	59000000	1744	0
chr10	59000001	60000000	1745	0
chr10	60000001	61000000	1746	0
chr10	61000001	62000000	1747	0
chr10	62000001	63000000	1748	0
chr10	63000001	64000000	1749	0
chr10	64000001	65000000	1750	0
chr10	65000001	66000000	1751	0
chr10	66000001	67000000	1752	0
chr10	67000001	68000000	1753	0
chr10	68000001	69000000	1754	0
chr10	69000001	70000000	1755	0
chr10	70000001	71000000	1756	0
chr10	71000001	72000000	1757	0
chr10	72000001	73000000	1758	0
chr10	73000001	74000000	1759	0
chr10	74000001	75000000	1760	0
chr10	75000001	76000000	1761	0
chr10	76000001	77000000	1762	0
chr10	77000001	78000000	1763	0
chr10	78000001	79000000	1764	0
chr10	79000001	80000000	1765	0
chr10	80000001	81000000	1766	0
chr10	81000001	82000000	1767	0
chr10	82000001	83000000	1768	0
chr10	83000001	84000000	1769	0
chr10	84000001	85000000	1770	0
chr10	85000001	86000000	1771	0
chr10	86000001	87000000	1772	0
chr10	87000001	88000000	1773	0
chr10	88000001	89000000	1774	0
chr10	89000001	90000000	1775	0
chr10	90000001	91000000	1776	0
chr10	91000001	92000000	1777	0
chr10	92000001	93000000	1778	0
chr10	93000001	94000000	1779	0
chr10	94000001	95000000	1780	0
chr10	95000001	96000000	1781	0
chr10	96000001	97000000	1782	0
chr10	97000001	98000000	1783	0
chr10	98000001	99000000	1784	0
chr10	99000001	100000000	1785	0
chr10	100000001	101000000	1786	0
chr10	101000001	102000000	1787	0
chr10	102000001	103000000	1788	0
chr10	103000001	104000000	1789	0
chr10	104000001	105000000	1790	0
chr10	105000001	106000000	1791	0
chr10	106000001	107000000	1792	0
chr10	107000001	108000000	1793	0
chr10	108000001	109000000	1794	0
chr10	109000001	110000000	1795	0
chr10	110000001	111000000	1796	0
chr10	111000001	112000000	1797	0
chr10	112000001	113000000	1798	0
chr10	113000001	114000000	1799	0
chr10	114000001	115000000	1800	0
chr10	115000001	116000000	1801	0
chr10	116000001	117000000	1802	0
chr10	117000001	118000000	1803	0
chr10	118000001	119000000	1804	0
chr10	119000001	120000000	1805	0
chr10	120000001	121000000	1806	0
chr10	121000001	122000000	1807	0
chr10	122000001	123000000	1808	0
chr10	123000001	124000000	1809	0
chr10	124000001	125000000	1810	0
chr10	125000001	126000000	1811	0
chr10	126000001	127000000	1812	0
chr10	127000001	128000000	1813	0
chr10	128000001	129000000	1814	0
chr10	129000001	130000000	1815	0
chr10	130000001	131000000	1816	0
chr10	131000001	132000000	1817	0
chr10	132000001	133000000	1818	0
chr10	133000001	134000000	1819	0
chr10	134000001	135000000	1820	0
chr10	135000001	135534747	1821	0
chr11	1	1000000	1822	0
chr11	1000001	2000000	1823	0
chr11	2000001	3000000	1824	0
chr11	3000001	4000000	1825	0
chr11	4000001	5000000	1826	0
chr11	5000001	6000000	1827	0
chr11	6000001	7000000	1828	0
chr11	7000001	8000000	1829	0
chr11	8000001	9000000	1830	0
chr11	9000001	10000000	1831	0
chr11	10000001	11000000	1832	0
chr11	11000001	12000000	1833	0
chr11	12000001	13000000	1834	0
chr11	13000001	14000000	1835	0
chr11	14000001	15000000	1836	0
chr11	15000001	16000000	1837	0
chr11	16000001	17000000	1838	0
chr11	17000001	18000000	1839	0
chr11	18000001	19000000	1840	0
chr11	19000001	20000000	1841	0
chr11	20000001	21000000	1842	0
chr11	21000001	22000000	1843	0
chr11	22000001	23000000	1844	0
chr11	23000001	24000000	1845	0
chr11	24000001	25000000	1846	0
chr11	25000001	26000000	1847	0
chr11	26000001	27000000	1848	0
chr11	27000001	28000000	1849	0
chr11	28000001	29000000	1850	0
chr11	29000001	30000000	1851	0
chr11	30000001	31000000	1852	0
chr11	31000001	32000000	1853	0
chr11	32000001	33000000	1854	0
chr11	33000001	34000000	1855	0
chr11	34000001	35000000	1856	0
chr11	35000001	36000000	1857	0
chr11	36000001	37000000	1858	0
chr11	37000001	38000000	1859	0
chr11	38000001	39000000	1860	0
chr11	39000001	40000000	1861	0
chr11	40000001	41000000	1862	0
chr11	41000001	42000000	1863	0
chr11	42000001	43000000	1864	0
chr11	43000001	44000000	1865	0
chr11	44000001	45000000	1866	0
chr11	45000001	46000000	1867	0
chr11	46000001	47000000	1868	0
chr11	47000001	48000000	1869	0
chr11	48000001	49000000	1870	0
chr11	49000001	50000000	1871	0
chr11	50000001	51000000	1872	0
chr11	51000001	52000000	1873	0
chr11	52000001	53000000	1874	0
chr11	53000001	54000000	1875	0
chr11	54000001	55000000	1876	0
chr11	55000001	56000000	1877	0
chr11	56000001	57000000	1878	0
chr11	57000001	58000000	1879	0
chr11	58000001	59000000	1880	0
chr11	59000001	60000000	1881	0
chr11	60000001	61000000	1882	0
chr11	61000001	62000000	1883	0
chr11	62000001	63000000	1884	0
chr11	63000001	64000000	1885	0
chr11	64000001	65000000	1886	0
chr11	65000001	66000000	1887	0
chr11	66000001	67000000	1888	0
chr11	67000001	68000000	1889	0
chr11	68000001	69000000	1890	0
chr11	69000001	70000000	1891	0
chr11	70000001	71000000	1892	0
chr11	71000001	72000000	1893	0
chr11	72000001	73000000	1894	0
chr11	73000001	74000000	1895	0
chr11	74000001	75000000	1896	0
chr11	75000001	76000000	1897	0
chr11	76000001	77000000	1898	0
chr11	77000001	78000000	1899	0
chr11	78000001	79000000	1900	0
chr11	79000001	80000000	1901	0
chr11	80000001	81000000	1902	0
chr11	81000001	82000000	1903	0
chr11	82000001	83000000	1904	0
chr11	83000001	84000000	1905	0
chr11	84000001	85000000	1906	0
chr11	85000001	86000000	1907	0
chr11	86000001	87000000	1908	0
chr11	87000001	88000000	1909	0
chr11	88000001	89000000	1910	0
chr11	89000001	90000000	1911	0
chr11	90000001	91000000	1912	0
chr11	91000001	92000000	1913	0
chr11	92000001	93000000	1914	0
chr11	93000001	94000000	1915	0
chr11	94000001	95000000	1916	0
chr11	95000001	96000000	1917	0
chr11	96000001	97000000	1918	0
chr11	97000001	98000000	1919	0
chr11	98000001	99000000	1920	0
chr11	99000001	100000000	1921	0
chr11	100000001	101000000	1922	0
chr11	101000001	102000000	1923	0
chr11	102000001	103000000	1924	0
chr11	103000001	104000000	1925	0
chr11	104000001	105000000	1926	0
chr11	105000001	106000000	1927	0
chr11	106000001	107000000	1928	0
chr11	107000001	108000000	1929	0
chr11	108000001	109000000	1930	0
chr11	109000001	110000000	1931	0
chr11	110000001	111000000	1932	0
chr11	111000001	112000000	1933	0
chr11	112000001	113000000	1934	0
chr11	113000001	114000000	1935	0
chr11	114000001	115000000	1936	0
chr11	115000001	116000000	1937	0
chr11	116000001	117000000	1938	0
chr11	117000001	118000000	1939	0
chr11	118000001	119000000	1940	0
chr11	119000001	120000000	1941	0
chr11	120000001	121000000	1942	0
chr11	121000001	122000000	1943	0
chr11	122000001	123000000	1944	0
chr11	123000001	124000000	1945	0
chr11	124000001	125000000	1946	0
chr11	125000001	126000000	1947	0
chr11	126000001	127000000	1948	0
chr11	127000001	128000000	1949	0
chr11	128000001	129000000	1950	0
chr11	129000001	130000000	1951	0
chr11	130000001	131000000	1952	0
chr11	131000001	132000000	1953	0
chr11	132000001	133000000	1954	0
chr11	133000001	134000000	1955	0
chr11	134000001	135006516	1956	0
chr12	1	1000000	1957	0
chr12	1000001	2000000	1958	0
chr12	2000001	3000000	1959	0
chr12	3000001	4000000	1960	0
chr12	4000001	5000000	1961	0
chr12	5000001	6000000	1962	0
chr12	6000001	7000000	1963	0
chr12	7000001	8000000	1964	0
chr12	8000001	9000000	1965	0
chr12	9000001	10000000	1966	0
chr12	10000001	11000000	1967	0
chr12	11000001	12000000	1968	0
chr12	12000001	13000000	1969	0
chr12	13000001	14000000	1970	0
chr12	14000001	15000000	1971	0
chr12	15000001	16000000	1972	0
chr12	16000001	17000000	1973	0
chr12	17000001	18000000	1974	0
chr12	18000001	19000000	1975	0
chr12	19000001	20000000	1976	0
chr12	20000001	21000000	1977	0
chr12	21000001	22000000	1978	0
chr12	22000001	23000000	1979	0
chr12	23000001	24000000	1980	0
chr12	24000001	25000000	1981	0
chr12	25000001	26000000	1982	0
chr12	26000001	27000000	1983	0
chr12	27000001	28000000	1984	0
chr12	28000001	29000000	1985	0
chr12	29000001	30000000	1986	0
chr12	30000001	31000000	1987	0
chr12	31000001	32000000	1988	0
chr12	32000001	33000000	1989	0
chr12	33000001	34000000	1990	0
chr12	34000001	35000000	1991	0
chr12	35000001	36000000	1992	0
chr12	36000001	37000000	1993	0
chr12	37000001	38000000	1994	0
chr12	38000001	39000000	1995	0
chr12	39000001	40000000	1996	0
chr12	40000001	41000000	1997	0
chr12	41000001	42000000	1998	0
chr12	42000001	43000000	1999	0
chr12	43000001	44000000	2000	0
chr12	44000001	45000000	2001	0
chr12	45000001	46000000	2002	0
chr12	46000001	47000000	2003	0
chr12	47000001	48000000	2004	0
chr12	48000001	49000000	2005	0
chr12	49000001	50000000	2006	0
chr12	50000001	51000000	2007	0
chr12	51000001	52000000	2008	0
chr12	52000001	53000000	2009	0
chr12	53000001	54000000	2010	0
chr12	54000001	55000000	2011	0
chr12	55000001	56000000	2012	0
chr12	56000001	57000000	2013	0
chr12	57000001	58000000	2014	0
chr12	58000001	59000000	2015	0
chr12	59000001	60000000	2016	0
chr12	60000001	61000000	2017	0
chr12	61000001	62000000	2018	0
chr12	62000001	63000000	2019	0
chr12	63000001	64000000	2020	0
chr12	64000001	65000000	2021	0
chr12	65000001	66000000	2022	0
chr12	66000001	67000000	2023	0
chr12	67000001	68000000	2024	0
chr12	68000001	69000000	2025	0
chr12	69000001	70000000	2026	0
chr12	70000001	71000000	2027	0
chr12	71000001	72000000	2028	0
chr12	72000001	73000000	2029	0
chr12	73000001	74000000	2030	0
chr12	74000001	75000000	2031	0
chr12	75000001	76000000	2032	0
chr12	76000001	77000000	2033	0
chr12	77000001	78000000	2034	0
chr12	78000001	79000000	2035	0
chr12	79000001	80000000	2036	0
chr12	80000001	81000000	2037	0
chr12	81000001	82000000	2038	0
chr12	82000001	83000000	2039	0
chr12	83000001	84000000	2040	0
chr12	84000001	85000000	2041	0
chr12	85000001	86000000	2042	0
chr12	86000001	87000000	2043	0
chr12	87000001	88000000	2044	0
chr12	88000001	89000000	2045	0
chr12	89000001	90000000	2046	0
chr12	90000001	91000000	2047	0
chr12	91000001	92000000	2048	0
chr12	92000001	93000000	2049	0
chr12	93000001	94000000	2050	0
chr12	94000001	95000000	2051	0
chr12	95000001	96000000	2052	0
chr12	96000001	97000000	2053	0
chr12	97000001	98000000	2054	0
chr12	98000001	99000000	2055	0
chr12	99000001	100000000	2056	0
chr12	100000001	101000000	2057	0
chr12	101000001	102000000	2058	0
chr12	102000001	103000000	2059	0
chr12	103000001	104000000	2060	0
chr12	104000001	105000000	2061	0
chr12	105000001	106000000	2062	0
chr12	106000001	107000000	2063	0
chr12	107000001	108000000	2064	0
chr12	108000001	109000000	2065	0
chr12	109000001	110000000	2066	0
chr12	110000001	111000000	2067	0
chr12	111000001	112000000	2068	0
chr12	112000001	113000000	2069	0
chr12	113000001	114000000	2070	0
chr12	114000001	115000000	2071	0
chr12	115000001	116000000	2072	0
chr12	116000001	117000000	2073	0
chr12	117000001	118000000	2074	0
chr12	118000001	119000000	2075	0
chr12	119000001	120000000	2076	0
chr12	120000001	121000000	2077	0
chr12	121000001	122000000	2078	0
chr12	122000001	123000000	2079	0
chr12	123000001	124000000	2080	0
chr12	124000001	125000000	2081	0
chr12	125000001	126000000	2082	0
chr12	126000001	127000000	2083	0
chr12	127000001	128000000	2084	0
chr12	128000001	129000000	2085	0
chr12	129000001	130000000	2086	0
chr12	130000001	131000000	2087	0
chr12	131000001	132000000	2088	0
chr12	132000001	133000000	2089	0
chr12	133000001	133851895	2090	0
chr13	1	1000000	2091	0
chr13	1000001	2000000	2092	0
chr13	2000001	3000000	2093	0
chr13	3000001	4000000	2094	0
chr13	4000001	5000000	2095	0
chr13	5000001	6000000	2096	0
chr13	6000001	7000000	2097	0
chr13	7000001	8000000	2098	0
chr13	8000001	9000000	2099	0
chr13	9000001	10000000	2100	0
chr13	10000001	11000000	2101	0
chr13	11000001	12000000	2102	0
chr13	12000001	13000000	2103	0
chr13	13000001	14000000	2104	0
chr13	14000001	15000000	2105	0
chr13	15000001	16000000	2106	0
chr13	16000001	17000000	2107	0
chr13	17000001	18000000	2108	0
chr13	18000001	19000000	2109	0
chr13	19000001	20000000	2110	0
chr13	20000001	21000000	2111	0
chr13	21000001	22000000	2112	0
chr13	22000001	23000000	2113	0
chr13	23000001	24000000	2114	0
chr13	24000001	25000000	2115	0
chr13	25000001	26000000	2116	0
chr13	26000001	27000000	2117	0
chr13	27000001	28000000	2118	0
chr13	28000001	29000000	2119	0
chr13	29000001	30000000	2120	0
chr13	30000001	31000000	2121	0
chr13	31000001	32000000	2122	0
chr13	32000001	33000000	2123	0
chr13	33000001	34000000	2124	0
chr13	34000001	35000000	2125	0
chr13	35000001	36000000	2126	0
chr13	36000001	37000000	2127	0
chr13	37000001	38000000	2128	0
chr13	38000001	39000000	2129	0
chr13	39000001	40000000	2130	0
chr13	40000001	41000000	2131	0
chr13	41000001	42000000	2132	0
chr13	42000001	43000000	2133	0
chr13	43000001	44000000	2134	0
chr13	44000001	45000000	2135	0
chr13	45000001	46000000	2136	0
chr13	46000001	47000000	2137	0
chr13	47000001	48000000	2138	0
chr13	48000001	49000000	2139	0
chr13	49000001	50000000	2140	0
chr13	50000001	51000000	2141	0
chr13	51000001	52000000	2142	0
chr13	52000001	53000000	2143	0
chr13	53000001	54000000	2144	0
chr13	54000001	55000000	2145	0
chr13	55000001	56000000	2146	0
chr13	56000001	57000000	2147	0
chr13	57000001	58000000	2148	0
chr13	58000001	59000000	2149	0
chr13	59000001	60000000	2150	0
chr13	60000001	61000000	2151	0
chr13	61000001	62000000	2152	0
chr13	62000001	63000000	2153	0
chr13	63000001	64000000	2154	0
chr13	64000001	65000000	2155	0
chr13	65000001	66000000	2156	0
chr13	66000001	67000000	2157	0
chr13	67000001	68000000	2158	0
chr13	68000001	69000000	2159	0
chr13	69000001	70000000	2160	0
chr13	70000001	71000000	2161	0
chr13	71000001	72000000	2162	0
chr13	72000001	73000000	2163	0
chr13	73000001	74000000	2164	0
chr13	74000001	75000000	2165	0
chr13	75000001	76000000	2166	0
chr13	76000001	77000000	2167	0
chr13	77000001	78000000	2168	0
chr13	78000001	79000000	2169	0
chr13	79000001	80000000	2170	0
chr13	80000001	81000000	2171	0
chr13	81000001	82000000	2172	0
chr13	82000001	83000000	2173	0
chr13	83000001	84000000	2174	0
chr13	84000001	85000000	2175	0
chr13	85000001	86000000	2176	0
chr13	86000001	87000000	2177	0
chr13	87000001	88000000	2178	0
chr13	88000001	89000000	2179	0
chr13	89000001	90000000	2180	0
chr13	90000001	91000000	2181	0
chr13	91000001	92000000	2182	0
chr13	92000001	93000000	2183	0
chr13	93000001	94000000	2184	0
chr13	94000001	95000000	2185	0
chr13	95000001	96000000	2186	0
chr13	96000001	97000000	2187	0
chr13	97000001	98000000	2188	0
chr13	98000001	99000000	2189	0
chr13	99000001	100000000	2190	0
chr13	100000001	101000000	2191	0
chr13	101000001	102000000	2192	0
chr13	102000001	103000000	2193	0
chr13	103000001	104000000	2194	0
chr13	104000001	105000000	2195	0
chr13	105000001	106000000	2196	0
chr13	106000001	107000000	2197	0
chr13	107000001	108000000	2198	0
chr13	108000001	109000000	2199	0
chr13	109000001	110000000	2200	0
chr13	110000001	111000000	2201	0
chr13	111000001	112000000	2202	0
chr13	112000001	113000000	2203	0
chr13	113000001	114000000	2204	0
chr13	114000001	115000000	2205	0
chr13	115000001	115169878	2206	0
chr14	1	1000000	2207	0
chr14	1000001	2000000	2208	0
chr14	2000001	3000000	2209	0
chr14	3000001	4000000	2210	0
chr14	4000001	5000000	2211	0
chr14	5000001	6000000	2212	0
chr14	6000001	7000000	2213	0
chr14	7000001	8000000	2214	0
chr14	8000001	9000000	2215	0
chr14	9000001	10000000	2216	0
chr14	10000001	11000000	2217	0
chr14	11000001	12000000	2218	0
chr14	12000001	13000000	2219	0
chr14	13000001	14000000	2220	0
chr14	14000001	15000000	2221	0
chr14	15000001	16000000	2222	0
chr14	16000001	17000000	2223	0
chr14	17000001	18000000	2224	0
chr14	18000001	19000000	2225	0
chr14	19000001	20000000	2226	0
chr14	20000001	21000000	2227	0
chr14	21000001	22000000	2228	0
chr14	22000001	23000000	2229	0
chr14	23000001	24000000	2230	0
chr14	24000001	25000000	2231	0
chr14	25000001	26000000	2232	0
chr14	26000001	27000000	2233	0
chr14	27000001	28000000	2234	0
chr14	28000001	29000000	2235	0
chr14	29000001	30000000	2236	0
chr14	30000001	31000000	2237	0
chr14	31000001	32000000	2238	0
chr14	32000001	33000000	2239	0
chr14	33000001	34000000	2240	0
chr14	34000001	35000000	2241	0
chr14	35000001	36000000	2242	0
chr14	36000001	37000000	2243	0
chr14	37000001	38000000	2244	0
chr14	38000001	39000000	2245	0
chr14	39000001	40000000	2246	0
chr14	40000001	41000000	2247	0
chr14	41000001	42000000	2248	0
chr14	42000001	43000000	2249	0
chr14	43000001	44000000	2250	0
chr14	44000001	45000000	2251	0
chr14	45000001	46000000	2252	0
chr14	46000001	47000000	2253	0
chr14	47000001	48000000	2254	0
chr14	48000001	49000000	2255	0
chr14	49000001	50000000	2256	0
chr14	50000001	51000000	2257	0
chr14	51000001	52000000	2258	0
chr14	52000001	53000000	2259	0
chr14	53000001	54000000	2260	0
chr14	54000001	55000000	2261	0
chr14	55000001	56000000	2262	0
chr14	56000001	57000000	2263	0
chr14	57000001	58000000	2264	0
chr14	58000001	59000000	2265	0
chr14	59000001	60000000	2266	0
chr14	60000001	61000000	2267	0
chr14	61000001	62000000	2268	0
chr14	62000001	63000000	2269	0
chr14	63000001	64000000	2270	0
chr14	64000001	65000000	2271	0
chr14	65000001	66000000	2272	0
chr14	66000001	67000000	2273	0
chr14	67000001	68000000	2274	0
chr14	68000001	69000000	2275	0
chr14	69000001	70000000	2276	0
chr14	70000001	71000000	2277	0
chr14	71000001	72000000	2278	0
chr14	72000001	73000000	2279	0
chr14	73000001	74000000	2280	0
chr14	74000001	75000000	2281	0
chr14	75000001	76000000	2282	0
chr14	76000001	77000000	2283	0
chr14	77000001	78000000	2284	0
chr14	78000001	79000000	2285	0
chr14	79000001	80000000	2286	0
chr14	80000001	81000000	2287	0
chr14	81000001	82000000	2288	0
chr14	82000001	83000000	2289	0
chr14	83000001	84000000	2290	0
chr14	84000001	85000000	2291	0
chr14	85000001	86000000	2292	0
chr14	86000001	87000000	2293	0
chr14	87000001	88000000	2294	0
chr14	88000001	89000000	2295	0
chr14	89000001	90000000	2296	0
chr14	90000001	91000000	2297	0
chr14	91000001	92000000	2298	0
chr14	92000001	93000000	2299	0
chr14	93000001	94000000	2300	0
chr14	94000001	95000000	2301	0
chr14	95000001	96000000	2302	0
chr14	96000001	97000000	2303	0
chr14	97000001	98000000	2304	0
chr14	98000001	99000000	2305	0
chr14	99000001	100000000	2306	0
chr14	100000001	101000000	2307	0
chr14	101000001	102000000	2308	0
chr14	102000001	103000000	2309	0
chr14	103000001	104000000	2310	0
chr14	104000001	105000000	2311	0
chr14	105000001	106000000	2312	0
chr14	106000001	107000000	2313	0
chr14	107000001	107349540	2314	0
chr15	1	1000000	2315	0
chr15	1000001	2000000	2316	0
chr15	2000001	3000000	2317	0
chr15	3000001	4000000	2318	0
chr15	4000001	5000000	2319	0
chr15	5000001	6000000	2320	0
chr15	6000001	7000000	2321	0
chr15	7000001	8000000	2322	0
chr15	8000001	9000000	2323	0
chr15	9000001	10000000	2324	0
chr15	10000001	11000000	2325	0
chr15	11000001	12000000	2326	0
chr15	12000001	13000000	2327	0
chr15	13000001	14000000	2328	0
chr15	14000001	15000000	2329	0
chr15	15000001	16000000	2330	0
chr15	16000001	17000000	2331	0
chr15	17000001	18000000	2332	0
chr15	18000001	19000000	2333	0
chr15	19000001	20000000	2334	0
chr15	20000001	21000000	2335	0
chr15	21000001	22000000	2336	0
chr15	22000001	23000000	2337	0
chr15	23000001	24000000	2338	0
chr15	24000001	25000000	2339	0
chr15	25000001	26000000	2340	0
chr15	26000001	27000000	2341	0
chr15	27000001	28000000	2342	0
chr15	28000001	29000000	2343	0
chr15	29000001	30000000	2344	0
chr15	30000001	31000000	2345	0
chr15	31000001	32000000	2346	0
chr15	32000001	33000000	2347	0
chr15	33000001	34000000	2348	0
chr15	34000001	35000000	2349	0
chr15	35000001	36000000	2350	0
chr15	36000001	37000000	2351	0
chr15	37000001	38000000	2352	0
chr15	38000001	39000000	2353	0
chr15	39000001	40000000	2354	0
chr15	40000001	41000000	2355	0
chr15	41000001	42000000	2356	0
chr15	42000001	43000000	2357	0
chr15	43000001	44000000	2358	0
chr15	44000001	45000000	2359	0
chr15	45000001	46000000	2360	0
chr15	46000001	47000000	2361	0
chr15	47000001	48000000	2362	0
chr15	48000001	49000000	2363	0
chr15	49000001	50000000	2364	0
chr15	50000001	51000000	2365	0
chr15	51000001	52000000	2366	0
chr15	52000001	53000000	2367	0
chr15	53000001	54000000	2368	0
chr15	54000001	55000000	2369	0
chr15	55000001	56000000	2370	0
chr15	56000001	57000000	2371	0
chr15	57000001	58000000	2372	0
chr15	58000001	59000000	2373	0
chr15	59000001	60000000	2374	0
chr15	60000001	61000000	2375	0
chr15	61000001	62000000	2376	0
chr15	62000001	63000000	2377	0
chr15	63000001	64000000	2378	0
chr15	64000001	65000000	2379	0
chr15	65000001	66000000	2380	0
chr15	66000001	67000000	2381	0
chr15	67000001	68000000	2382	0
chr15	68000001	69000000	2383	0
chr15	69000001	70000000	2384	0
chr15	70000001	71000000	2385	0
chr15	71000001	72000000	2386	0
chr15	72000001	73000000	2387	0
chr15	73000001	74000000	2388	0
chr15	74000001	75000000	2389	0
chr15	75000001	76000000	2390	0
chr15	76000001	77000000	2391	0
chr15	77000001	78000000	2392	0
chr15	78000001	79000000	2393	0
chr15	79000001	80000000	2394	0
chr15	80000001	81000000	2395	0
chr15	81000001	82000000	2396	0
chr15	82000001	83000000	2397	0
chr15	83000001	84000000	2398	0
chr15	84000001	85000000	2399	0
chr15	85000001	86000000	2400	0
chr15	86000001	87000000	2401	0
chr15	87000001	88000000	2402	0
chr15	88000001	89000000	2403	0
chr15	89000001	90000000	2404	0
chr15	90000001	91000000	2405	0
chr15	91000001	92000000	2406	0
chr15	92000001	93000000	2407	0
chr15	93000001	94000000	2408	0
chr15	94000001	95000000	2409	0
chr15	95000001	96000000	2410	0
chr15	96000001	97000000	2411	0
chr15	97000001	98000000	2412	0
chr15	98000001	99000000	2413	0
chr15	99000001	100000000	2414	0
chr15	100000001	101000000	2415	0
chr15	101000001	102000000	2416	0
chr15	102000001	102531392	2417	0
chr16	1	1000000	2418	0
chr16	1000001	2000000	2419	0
chr16	2000001	3000000	2420	0
chr16	3000001	4000000	2421	0
chr16	4000001	5000000	2422	0
chr16	5000001	6000000	2423	0
chr16	6000001	7000000	2424	0
chr16	7000001	8000000	2425	0
chr16	8000001	9000000	2426	0
chr16	9000001	10000000	2427	0
chr16	10000001	11000000	2428	0
chr16	11000001	12000000	2429	0
chr16	12000001	13000000	2430	0
chr16	13000001	14000000	2431	0
chr16	14000001	15000000	2432	0
chr16	15000001	16000000	2433	0
chr16	16000001	17000000	2434	0
chr16	17000001	18000000	2435	0
chr16	18000001	19000000	2436	0
chr16	19000001	20000000	2437	0
chr16	20000001	21000000	2438	0
chr16	21000001	22000000	2439	0
chr16	22000001	23000000	2440	0
chr16	23000001	24000000	2441	0
chr16	24000001	25000000	2442	0
chr16	25000001	26000000	2443	0
chr16	26000001	27000000	2444	0
chr16	27000001	28000000	2445	0
chr16	28000001	29000000	2446	0
chr16	29000001	30000000	2447	0
chr16	30000001	31000000	2448	0
chr16	31000001	32000000	2449	0
chr16	32000001	33000000	2450	0
chr16	33000001	34000000	2451	0
chr16	34000001	35000000	2452	0
chr16	35000001	36000000	2453	0
chr16	36000001	37000000	2454	0
chr16	37000001	38000000	2455	0
chr16	38000001	39000000	2456	0
chr16	39000001	40000000	2457	0
chr16	40000001	41000000	2458	0
chr16	41000001	42000000	2459	0
chr16	42000001	43000000	2460	0
chr16	43000001	44000000	2461	0
chr16	44000001	45000000	2462	0
chr16	45000001	46000000	2463	0
chr16	46000001	47000000	2464	0
chr16	47000001	48000000	2465	0
chr16	48000001	49000000	2466	0
chr16	49000001	50000000	2467	0
chr16	50000001	51000000	2468	0
chr16	51000001	52000000	2469	0
chr16	52000001	53000000	2470	0
chr16	53000001	54000000	2471	0
chr16	54000001	55000000	2472	0
chr16	55000001	56000000	2473	0
chr16	56000001	57000000	2474	0
chr16	57000001	58000000	2475	0
chr16	58000001	59000000	2476	0
chr16	59000001	60000000	2477	0
chr16	60000001	61000000	2478	0
chr16	61000001	62000000	2479	0
chr16	62000001	63000000	2480	0
chr16	63000001	64000000	2481	0
chr16	64000001	65000000	2482	0
chr16	65000001	66000000	2483	0
chr16	66000001	67000000	2484	0
chr16	67000001	68000000	2485	0
chr16	68000001	69000000	2486	0
chr16	69000001	70000000	2487	0
chr16	70000001	71000000	2488	0
chr16	71000001	72000000	2489	0
chr16	72000001	73000000	2490	0
chr16	73000001	74000000	2491	0
chr16	74000001	75000000	2492	0
chr16	75000001	76000000	2493	0
chr16	76000001	77000000	2494	0
chr16	77000001	78000000	2495	0
chr16	78000001	79000000	2496	0
chr16	79000001	80000000	2497	0
chr16	80000001	81000000	2498	0
chr16	81000001	82000000	2499	0
chr16	82000001	83000000	2500	0
chr16	83000001	84000000	2501	0
chr16	84000001	85000000	2502	0
chr16	85000001	86000000	2503	0
chr16	86000001	87000000	2504	0
chr16	87000001	88000000	2505	0
chr16	88000001	89000000	2506	0
chr16	89000001	90000000	2507	0
chr16	90000001	90354753	2508	0
chr17	1	1000000	2509	0
chr17	1000001	2000000	2510	0
chr17	2000001	3000000	2511	0
chr17	3000001	4000000	2512	0
chr17	4000001	5000000	2513	0
chr17	5000001	6000000	2514	0
chr17	6000001	7000000	2515	0
chr17	7000001	8000000	2516	0
chr17	8000001	9000000	2517	0
chr17	9000001	10000000	2518	0
chr17	10000001	11000000	2519	0
chr17	11000001	12000000	2520	0
chr17	12000001	13000000	2521	0
chr17	13000001	14000000	2522	0
chr17	14000001	15000000	2523	0
chr17	15000001	16000000	2524	0
chr17	16000001	17000000	2525	0
chr17	17000001	18000000	2526	0
chr17	18000001	19000000	2527	0
chr17	19000001	20000000	2528	0
chr17	20000001	21000000	2529	0
chr17	21000001	22000000	2530	0
chr17	22000001	23000000	2531	0
chr17	23000001	24000000	2532	0
chr17	24000001	25000000	2533	0
chr17	25000001	26000000	2534	0
chr17	26000001	27000000	2535	0
chr17	27000001	28000000	2536	0
chr17	28000001	29000000	2537	0
chr17	29000001	30000000	2538	0
chr17	30000001	31000000	2539	0
chr17	31000001	32000000	2540	0
chr17	32000001	33000000	2541	0
chr17	33000001	34000000	2542	0
chr17	34000001	35000000	2543	0
chr17	35000001	36000000	2544	0
chr17	36000001	37000000	2545	0
chr17	37000001	38000000	2546	0
chr17	38000001	39000000	2547	0
chr17	39000001	40000000	2548	0
chr17	40000001	41000000	2549	0
chr17	41000001	42000000	2550	0
chr17	42000001	43000000	2551	0
chr17	43000001	44000000	2552	0
chr17	44000001	45000000	2553	0
chr17	45000001	46000000	2554	0
chr17	46000001	47000000	2555	0
chr17	47000001	48000000	2556	0
chr17	48000001	49000000	2557	0
chr17	49000001	50000000	2558	0
chr17	50000001	51000000	2559	0
chr17	51000001	52000000	2560	0
chr17	52000001	53000000	2561	0
chr17	53000001	54000000	2562	0
chr17	54000001	55000000	2563	0
chr17	55000001	56000000	2564	0
chr17	56000001	57000000	2565	0
chr17	57000001	58000000	2566	0
chr17	58000001	59000000	2567	0
chr17	59000001	60000000	2568	0
chr17	60000001	61000000	2569	0
chr17	61000001	62000000	2570	0
chr17	62000001	63000000	2571	0
chr17	63000001	64000000	2572	0
chr17	64000001	65000000	2573	0
chr17	65000001	66000000	2574	0
chr17	66000001	67000000	2575	0
chr17	67000001	68000000	2576	0
chr17	68000001	69000000	2577	0
chr17	69000001	70000000	2578	0
chr17	70000001	71000000	2579	0
chr17	71000001	72000000	2580	0
chr17	72000001	73000000	2581	0
chr17	73000001	74000000	2582	0
chr17	74000001	75000000	2583	0
chr17	75000001	76000000	2584	0
chr17	76000001	77000000	2585	0
chr17	77000001	78000000	2586	0
chr17	78000001	79000000	2587	0
chr17	79000001	80000000	2588	0
chr17	80000001	81000000	2589	0
chr17	81000001	81195210	2590	0
chr18	1	1000000	2591	0
chr18	1000001	2000000	2592	0
chr18	2000001	3000000	2593	0
chr18	3000001	4000000	2594	0
chr18	4000001	5000000	2595	0
chr18	5000001	6000000	2596	0
chr18	6000001	7000000	2597	0
chr18	7000001	8000000	2598	0
chr18	8000001	9000000	2599	0
chr18	9000001	10000000	2600	0
chr18	10000001	11000000	2601	0
chr18	11000001	12000000	2602	0
chr18	12000001	13000000	2603	0
chr18	13000001	14000000	2604	0
chr18	14000001	15000000	2605	0
chr18	15000001	16000000	2606	0
chr18	16000001	17000000	2607	0
chr18	17000001	18000000	2608	0
chr18	18000001	19000000	2609	0
chr18	19000001	20000000	2610	0
chr18	20000001	21000000	2611	0
chr18	21000001	22000000	2612	0
chr18	22000001	23000000	2613	0
chr18	23000001	24000000	2614	0
chr18	24000001	25000000	2615	0
chr18	25000001	26000000	2616	0
chr18	26000001	27000000	2617	0
chr18	27000001	28000000	2618	0
chr18	28000001	29000000	2619	0
chr18	29000001	30000000	2620	0
chr18	30000001	31000000	2621	0
chr18	31000001	32000000	2622	0
chr18	32000001	33000000	2623	0
chr18	33000001	34000000	2624	0
chr18	34000001	35000000	2625	0
chr18	35000001	36000000	2626	0
chr18	36000001	37000000	2627	0
chr18	37000001	38000000	2628	0
chr18	38000001	39000000	2629	0
chr18	39000001	40000000	2630	0
chr18	40000001	41000000	2631	0
chr18	41000001	42000000	2632	0
chr18	42000001	43000000	2633	0
chr18	43000001	44000000	2634	0
chr18	44000001	45000000	2635	0
chr18	45000001	46000000	2636	0
chr18	46000001	47000000	2637	0
chr18	47000001	48000000	2638	0
chr18	48000001	49000000	2639	0
chr18	49000001	50000000	2640	0
chr18	50000001	51000000	2641	0
chr18	51000001	52000000	2642	0
chr18	52000001	53000000	2643	0
chr18	53000001	54000000	2644	0
chr18	54000001	55000000	2645	0
chr18	55000001	56000000	2646	0
chr18	56000001	57000000	2647	0
chr18	57000001	58000000	2648	0
chr18	58000001	59000000	2649	0
chr18	59000001	60000000	2650	0
chr18	60000001	61000000	2651	0
chr18	61000001	62000000	2652	0
chr18	62000001	63000000	2653	0
chr18	63000001	64000000	2654	0
chr18	64000001	65000000	2655	0
chr18	65000001	66000000	2656	0
chr18	66000001	67000000	2657	0
chr18	67000001	68000000	2658	0
chr18	68000001	69000000	2659	0
chr18	69000001	70000000	2660	0
chr18	70000001	71000000	2661	0
chr18	71000001	72000000	2662	0
chr18	72000001	73000000	2663	0
chr18	73000001	74000000	2664	0
chr18	74000001	75000000	2665	0
chr18	75000001	76000000	2666	0
chr18	76000001	77000000	2667	0
chr18	77000001	78077248	2668	0
chr19	1	1000000	2669	0
chr19	1000001	2000000	2670	0
chr19	2000001	3000000	2671	0
chr19	3000001	4000000	2672	0
chr19	4000001	5000000	2673	0
chr19	5000001	6000000	2674	0
chr19	6000001	7000000	2675	0
chr19	7000001	8000000	2676	0
chr19	8000001	9000000	2677	0
chr19	9000001	10000000	2678	0
chr19	10000001	11000000	2679	0
chr19	11000001	12000000	2680	0
chr19	12000001	13000000	2681	0
chr19	13000001	14000000	2682	0
chr19	14000001	15000000	2683	0
chr19	15000001	16000000	2684	0
chr19	16000001	17000000	2685	0
chr19	17000001	18000000	2686	0
chr19	18000001	19000000	2687	0
chr19	19000001	20000000	2688	0
chr19	20000001	21000000	2689	0
chr19	21000001	22000000	2690	0
chr19	22000001	23000000	2691	0
chr19	23000001	24000000	2692	0
chr19	24000001	25000000	2693	0
chr19	25000001	26000000	2694	0
chr19	26000001	27000000	2695	0
chr19	27000001	28000000	2696	0
chr19	28000001	29000000	2697	0
chr19	29000001	30000000	2698	0
chr19	30000001	31000000	2699	0
chr19	31000001	32000000	2700	0
chr19	32000001	33000000	2701	0
chr19	33000001	34000000	2702	0
chr19	34000001	35000000	2703	0
chr19	35000001	36000000	2704	0
chr19	36000001	37000000	2705	0
chr19	37000001	38000000	2706	0
chr19	38000001	39000000	2707	0
chr19	39000001	40000000	2708	0
chr19	40000001	41000000	2709	0
chr19	41000001	42000000	2710	0
chr19	42000001	43000000	2711	0
chr19	43000001	44000000	2712	0
chr19	44000001	45000000	2713	0
chr19	45000001	46000000	2714	0
chr19	46000001	47000000	2715	0
chr19	47000001	48000000	2716	0
chr19	48000001	49000000	2717	0
chr19	49000001	50000000	2718	0
chr19	50000001	51000000	2719	0
chr19	51000001	52000000	2720	0
chr19	52000001	53000000	2721	0
chr19	53000001	54000000	2722	0
chr19	54000001	55000000	2723	0
chr19	55000001	56000000	2724	0
chr19	56000001	57000000	2725	0
chr19	57000001	58000000	2726	0
chr19	58000001	59000000	2727	0
chr19	59000001	59128983	2728	0
chr20	1	1000000	2729	0
chr20	1000001	2000000	2730	0
chr20	2000001	3000000	2731	0
chr20	3000001	4000000	2732	0
chr20	4000001	5000000	2733	0
chr20	5000001	6000000	2734	0
chr20	6000001	7000000	2735	0
chr20	7000001	8000000	2736	0
chr20	8000001	9000000	2737	0
chr20	9000001	10000000	2738	0
chr20	10000001	11000000	2739	0
chr20	11000001	12000000	2740	0
chr20	12000001	13000000	2741	0
chr20	13000001	14000000	2742	0
chr20	14000001	15000000	2743	0
chr20	15000001	16000000	2744	0
chr20	16000001	17000000	2745	0
chr20	17000001	18000000	2746	0
chr20	18000001	19000000	2747	0
chr20	19000001	20000000	2748	0
chr20	20000001	21000000	2749	0
chr20	21000001	22000000	2750	0
chr20	22000001	23000000	2751	0
chr20	23000001	24000000	2752	0
chr20	24000001	25000000	2753	0
chr20	25000001	26000000	2754	0
chr20	26000001	27000000	2755	0
chr20	27000001	28000000	2756	0
chr20	28000001	29000000	2757	0
chr20	29000001	30000000	2758	0
chr20	30000001	31000000	2759	0
chr20	31000001	32000000	2760	0
chr20	32000001	33000000	2761	0
chr20	33000001	34000000	2762	0
chr20	34000001	35000000	2763	0
chr20	35000001	36000000	2764	0
chr20	36000001	37000000	2765	0
chr20	37000001	38000000	2766	0
chr20	38000001	39000000	2767	0
chr20	39000001	40000000	2768	0
chr20	40000001	41000000	2769	0
chr20	41000001	42000000	2770	0
chr20	42000001	43000000	2771	0
chr20	43000001	44000000	2772	0
chr20	44000001	45000000	2773	0
chr20	45000001	46000000	2774	0
chr20	46000001	47000000	2775	0
chr20	47000001	48000000	2776	0
chr20	48000001	49000000	2777	0
chr20	49000001	50000000	2778	0
chr20	50000001	51000000	2779	0
chr20	51000001	52000000	2780	0
chr20	52000001	53000000	2781	0
chr20	53000001	54000000	2782	0
chr20	54000001	55000000	2783	0
chr20	55000001	56000000	2784	0
chr20	56000001	57000000	2785	0
chr20	57000001	58000000	2786	0
chr20	58000001	59000000	2787	0
chr20	59000001	60000000	2788	0
chr20	60000001	61000000	2789	0
chr20	61000001	62000000	2790	0
chr20	62000001	63025520	2791	0
chr21	1	1000000	2792	0
chr21	1000001	2000000	2793	0
chr21	2000001	3000000	2794	0
chr21	3000001	4000000	2795	0
chr21	4000001	5000000	2796	0
chr21	5000001	6000000	2797	0
chr21	6000001	7000000	2798	0
chr21	7000001	8000000	2799	0
chr21	8000001	9000000	2800	0
chr21	9000001	10000000	2801	0
chr21	10000001	11000000	2802	0
chr21	11000001	12000000	2803	0
chr21	12000001	13000000	2804	0
chr21	13000001	14000000	2805	0
chr21	14000001	15000000	2806	0
chr21	15000001	16000000	2807	0
chr21	16000001	17000000	2808	0
chr21	17000001	18000000	2809	0
chr21	18000001	19000000	2810	0
chr21	19000001	20000000	2811	0
chr21	20000001	21000000	2812	0
chr21	21000001	22000000	2813	0
chr21	22000001	23000000	2814	0
chr21	23000001	24000000	2815	0
chr21	24000001	25000000	2816	0
chr21	25000001	26000000	2817	0
chr21	26000001	27000000	2818	0
chr21	27000001	28000000	2819	0
chr21	28000001	29000000	2820	0
chr21	29000001	30000000	2821	0
chr21	30000001	31000000	2822	0
chr21	31000001	32000000	2823	0
chr21	32000001	33000000	2824	0
chr21	33000001	34000000	2825	0
chr21	34000001	35000000	2826	0
chr21	35000001	36000000	2827	0
chr21	36000001	37000000	2828	0
chr21	37000001	38000000	2829	0
chr21	38000001	39000000	2830	0
chr21	39000001	40000000	2831	0
chr21	40000001	41000000	2832	0
chr21	41000001	42000000	2833	0
chr21	42000001	43000000	2834	0
chr21	43000001	44000000	2835	0
chr21	44000001	45000000	2836	0
chr21	45000001	46000000	2837	0
chr21	46000001	47000000	2838	0
chr21	47000001	48000000	2839	0
chr21	48000001	48129895	2840	0
chr22	1	1000000	2841	0
chr22	1000001	2000000	2842	0
chr22	2000001	3000000	2843	0
chr22	3000001	4000000	2844	0
chr22	4000001	5000000	2845	0
chr22	5000001	6000000	2846	0
chr22	6000001	7000000	2847	0
chr22	7000001	8000000	2848	0
chr22	8000001	9000000	2849	0
chr22	9000001	10000000	2850	0
chr22	10000001	11000000	2851	0
chr22	11000001	12000000	2852	0
chr22	12000001	13000000	2853	0
chr22	13000001	14000000	2854	0
chr22	14000001	15000000	2855	0
chr22	15000001	16000000	2856	0
chr22	16000001	17000000	2857	0
chr22	17000001	18000000	2858	0
chr22	18000001	19000000	2859	0
chr22	19000001	20000000	2860	0
chr22	20000001	21000000	2861	0
chr22	21000001	22000000	2862	0
chr22	22000001	23000000	2863	0
chr22	23000001	24000000	2864	0
chr22	24000001	25000000	2865	0
chr22	25000001	26000000	2866	0
chr22	26000001	27000000	2867	0
chr22	27000001	28000000	2868	0
chr22	28000001	29000000	2869	0
chr22	29000001	30000000	2870	0
chr22	30000001	31000000	2871	0
chr22	31000001	32000000	2872	0
chr22	32000001	33000000	2873	0
chr22	33000001	34000000	2874	0
chr22	34000001	35000000	2875	0
chr22	35000001	36000000	2876	0
chr22	36000001	37000000	2877	0
chr22	37000001	38000000	2878	0
chr22	38000001	39000000	2879	0
chr22	39000001	40000000	2880	0
chr22	40000001	41000000	2881	0
chr22	41000001	42000000	2882	0
chr22	42000001	43000000	2883	0
chr22	43000001	44000000	2884	0
chr22	44000001	45000000	2885	0
chr22	45000001	46000000	2886	0
chr22	46000001	47000000	2887	0
chr22	47000001	48000000	2888	0
chr22	48000001	49000000	2889	0
chr22	49000001	50000000	2890	0
chr22	50000001	51000000	2891	0
chr22	51000001	51304566	2892	0
chrX	1	1000000	2893	0
chrX	1000001	2000000	2894	0
chrX	2000001	2699520	2895	0
chrX	2699522	4000000	2896	0
chrX	4000001	5000000	2897	0
chrX	5000001	6000000	2898	0
chrX	6000001	7000000	2899	0
chrX	7000001	8000000	2900	0
chrX	8000001	9000000	2901	0
chrX	9000001	10000000	2902	0
chrX	10000001	11000000	2903	0
chrX	11000001	12000000	2904	0
chrX	12000001	13000000	2905	0
chrX	13000001	14000000	2906	0
chrX	14000001	15000000	2907	0
chrX	15000001	16000000	2908	0
chrX	16000001	17000000	2909	0
chrX	17000001	18000000	2910	0
chrX	18000001	19000000	2911	0
chrX	19000001	20000000	2912	0
chrX	20000001	21000000	2913	0
chrX	21000001	22000000	2914	0
chrX	22000001	23000000	2915	0
chrX	23000001	24000000	2916	0
chrX	24000001	25000000	2917	0
chrX	25000001	26000000	2918	0
chrX	26000001	27000000	2919	0
chrX	27000001	28000000	2920	0
chrX	28000001	29000000	2921	0
chrX	29000001	30000000	2922	0
chrX	30000001	31000000	2923	0
chrX	31000001	32000000	2924	0
chrX	32000001	33000000	2925	0
chrX	33000001	34000000	2926	0
chrX	34000001	35000000	2927	0
chrX	35000001	36000000	2928	0
chrX	36000001	37000000	2929	0
chrX	37000001	38000000	2930	0
chrX	38000001	39000000	2931	0
chrX	39000001	40000000	2932	0
chrX	40000001	41000000	2933	0
chrX	41000001	42000000	2934	0
chrX	42000001	43000000	2935	0
chrX	43000001	44000000	2936	0
chrX	44000001	45000000	2937	0
chrX	45000001	46000000	2938	0
chrX	46000001	47000000	2939	0
chrX	47000001	48000000	2940	0
chrX	48000001	49000000	2941	0
chrX	49000001	50000000	2942	0
chrX	50000001	51000000	2943	0
chrX	51000001	52000000	2944	0
chrX	52000001	53000000	2945	0
chrX	53000001	54000000	2946	0
chrX	54000001	55000000	2947	0
chrX	55000001	56000000	2948	0
chrX	56000001	57000000	2949	0
chrX	57000001	58000000	2950	0
chrX	58000001	59000000	2951	0
chrX	59000001	60000000	2952	0
chrX	60000001	61000000	2953	0
chrX	61000001	62000000	2954	0
chrX	62000001	63000000	2955	0
chrX	63000001	64000000	2956	0
chrX	64000001	65000000	2957	0
chrX	65000001	66000000	2958	0
chrX	66000001	67000000	2959	0
chrX	67000001	68000000	2960	0
chrX	68000001	69000000	2961	0
chrX	69000001	70000000	2962	0
chrX	70000001	71000000	2963	0
chrX	71000001	72000000	2964	0
chrX	72000001	73000000	2965	0
chrX	73000001	74000000	2966	0
chrX	74000001	75000000	2967	0
chrX	75000001	76000000	2968	0
chrX	76000001	77000000	2969	0
chrX	77000001	78000000	2970	0
chrX	78000001	79000000	2971	0
chrX	79000001	80000000	2972	0
chrX	80000001	81000000	2973	0
chrX	81000001	82000000	2974	0
chrX	82000001	83000000	2975	0
chrX	83000001	84000000	2976	0
chrX	84000001	85000000	2977	0
chrX	85000001	86000000	2978	0
chrX	86000001	87000000	2979	0
chrX	87000001	88000000	2980	0
chrX	88000001	89000000	2981	0
chrX	89000001	90000000	2982	0
chrX	90000001	91000000	2983	0
chrX	91000001	92000000	2984	0
chrX	92000001	93000000	2985	0
chrX	93000001	94000000	2986	0
chrX	94000001	95000000	2987	0
chrX	95000001	96000000	2988	0
chrX	96000001	97000000	2989	0
chrX	97000001	98000000	2990	0
chrX	98000001	99000000	2991	0
chrX	99000001	100000000	2992	0
chrX	100000001	101000000	2993	0
chrX	101000001	102000000	2994	0
chrX	102000001	103000000	2995	0
chrX	103000001	104000000	2996	0
chrX	104000001	105000000	2997	0
chrX	105000001	106000000	2998	0
chrX	106000001	107000000	2999	0
chrX	107000001	108000000	3000	0
chrX	108000001	109000000	3001	0
chrX	109000001	110000000	3002	0
chrX	110000001	111000000	3003	0
chrX	111000001	112000000	3004	0
chrX	112000001	113000000	3005	0
chrX	113000001	114000000	3006	0
chrX	114000001	115000000	3007	0
chrX	115000001	116000000	3008	0
chrX	116000001	117000000	3009	0
chrX	117000001	118000000	3010	0
chrX	118000001	119000000	3011	0
chrX	119000001	120000000	3012	0
chrX	120000001	121000000	3013	0
chrX	121000001	122000000	3014	0
chrX	122000001	123000000	3015	0
chrX	123000001	124000000	3016	0
chrX	124000001	125000000	3017	0
chrX	125000001	126000000	3018	0
chrX	126000001	127000000	3019	0
chrX	127000001	128000000	3020	0
chrX	128000001	129000000	3021	0
chrX	129000001	130000000	3022	0
chrX	130000001	131000000	3023	0
chrX	131000001	132000000	3024	0
chrX	132000001	133000000	3025	0
chrX	133000001	134000000	3026	0
chrX	134000001	135000000	3027	0
chrX	135000001	136000000	3028	0
chrX	136000001	137000000	3029	0
chrX	137000001	138000000	3030	0
chrX	138000001	139000000	3031	0
chrX	139000001	140000000	3032	0
chrX	140000001	141000000	3033	0
chrX	141000001	142000000	3034	0
chrX	142000001	143000000	3035	0
chrX	143000001	144000000	3036	0
chrX	144000001	145000000	3037	0
chrX	145000001	146000000	3038	0
chrX	146000001	147000000	3039	0
chrX	147000001	148000000	3040	0
chrX	148000001	149000000	3041	0
chrX	149000001	150000000	3042	0
chrX	150000001	151000000	3043	0
chrX	151000001	152000000	3044	0
chrX	152000001	153000000	3045	0
chrX	153000001	154000000	3046	0
chrX	154000001	154931044	3047	0
chrX	154931046	155270560	3048	0
chrY	1	1000000	3049	0
chrY	1000001	2000000	3050	0
chrY	2000001	3000000	3051	0
chrY	3000001	4000000	3052	0
chrY	4000001	5000000	3053	0
chrY	5000001	6000000	3054	0
chrY	6000001	7000000	3055	0
chrY	7000001	8000000	3056	0
chrY	8000001	9000000	3057	0
chrY	9000001	10000000	3058	0
chrY	10000001	11000000	3059	0
chrY	11000001	12000000	3060	0
chrY	12000001	13000000	3061	0
chrY	13000001	14000000	3062	0
chrY	14000001	15000000	3063	0
chrY	15000001	16000000	3064	0
chrY	16000001	17000000	3065	0
chrY	17000001	18000000	3066	0
chrY	18000001	19000000	3067	0
chrY	19000001	20000000	3068	0
chrY	20000001	21000000	3069	0
chrY	21000001	22000000	3070	0
chrY	22000001	23000000	3071	0
chrY	23000001	24000000	3072	0
chrY	24000001	25000000	3073	0
chrY	25000001	26000000	3074	0
chrY	26000001	27000000	3075	0
chrY	27000001	28000000	3076	0
chrY	28000001	29000000	3077	0
chrY	29000001	30000000	3078	0
chrY	30000001	31000000	3079	0
chrY	31000001	32000000	3080	0
chrY	32000001	33000000	3081	0
chrY	33000001	34000000	3082	0
chrY	34000001	35000000	3083	0
chrY	35000001	36000000	3084	0
chrY	36000001	37000000	3085	0
chrY	37000001	38000000	3086	0
chrY	38000001	39000000	3087	0
chrY	39000001	40000000	3088	0
chrY	40000001	41000000	3089	0
chrY	41000001	42000000	3090	0
chrY	42000001	43000000	3091	0
chrY	43000001	44000000	3092	0
chrY	44000001	45000000	3093	0
chrY	45000001	46000000	3094	0
chrY	46000001	47000000	3095	0
chrY	47000001	48000000	3096	0
chrY	48000001	49000000	3097	0
chrY	49000001	50000000	3098	0
chrY	50000001	51000000	3099	0
chrY	51000001	52000000	3100	0
chrY	52000001	53000000	3101	0
chrY	53000001	54000000	3102	0
chrY	54000001	55000000	3103	0
chrY	55000001	56000000	3104	0
chrY	56000001	57000000	3105	0
chrY	57000001	58000000	3106	0
chrY	58000001	59000000	3107	0
chrY	59000001	59373566	3108	0
