chr1	1	10000000	0	0
chr1	10000001	20000000	1	0
chr1	20000001	30000000	2	0
chr1	30000001	40000000	3	0
chr1	40000001	50000000	4	0
chr1	50000001	60000000	5	0
chr1	60000001	70000000	6	0
chr1	70000001	80000000	7	0
chr1	80000001	90000000	8	0
chr1	90000001	100000000	9	0
chr1	100000001	110000000	10	0
chr1	110000001	120000000	11	0
chr1	120000001	130000000	12	0
chr1	130000001	140000000	13	0
chr1	140000001	150000000	14	0
chr1	150000001	160000000	15	0
chr1	160000001	170000000	16	0
chr1	170000001	180000000	17	0
chr1	180000001	190000000	18	0
chr1	190000001	200000000	19	0
chr1	200000001	210000000	20	0
chr1	210000001	220000000	21	0
chr1	220000001	230000000	22	0
chr1	230000001	240000000	23	0
chr1	240000001	248956422	24	0
chr2	1	10000000	25	0
chr2	10000001	20000000	26	0
chr2	20000001	30000000	27	0
chr2	30000001	40000000	28	0
chr2	40000001	50000000	29	0
chr2	50000001	60000000	30	0
chr2	60000001	70000000	31	0
chr2	70000001	80000000	32	0
chr2	80000001	90000000	33	0
chr2	90000001	100000000	34	0
chr2	100000001	110000000	35	0
chr2	110000001	120000000	36	0
chr2	120000001	130000000	37	0
chr2	130000001	140000000	38	0
chr2	140000001	150000000	39	0
chr2	150000001	160000000	40	0
chr2	160000001	170000000	41	0
chr2	170000001	180000000	42	0
chr2	180000001	190000000	43	0
chr2	190000001	200000000	44	0
chr2	200000001	210000000	45	0
chr2	210000001	220000000	46	0
chr2	220000001	230000000	47	0
chr2	230000001	240000000	48	0
chr2	240000001	242193529	49	0
chr3	1	10000000	50	0
chr3	10000001	20000000	51	0
chr3	20000001	30000000	52	0
chr3	30000001	40000000	53	0
chr3	40000001	50000000	54	0
chr3	50000001	60000000	55	0
chr3	60000001	70000000	56	0
chr3	70000001	80000000	57	0
chr3	80000001	90000000	58	0
chr3	90000001	100000000	59	0
chr3	100000001	110000000	60	0
chr3	110000001	120000000	61	0
chr3	120000001	130000000	62	0
chr3	130000001	140000000	63	0
chr3	140000001	150000000	64	0
chr3	150000001	160000000	65	0
chr3	160000001	170000000	66	0
chr3	170000001	180000000	67	0
chr3	180000001	190000000	68	0
chr3	190000001	198295559	69	0
chr4	1	10000000	70	0
chr4	10000001	20000000	71	0
chr4	20000001	30000000	72	0
chr4	30000001	40000000	73	0
chr4	40000001	50000000	74	0
chr4	50000001	60000000	75	0
chr4	60000001	70000000	76	0
chr4	70000001	80000000	77	0
chr4	80000001	90000000	78	0
chr4	90000001	100000000	79	0
chr4	100000001	110000000	80	0
chr4	110000001	120000000	81	0
chr4	120000001	130000000	82	0
chr4	130000001	140000000	83	0
chr4	140000001	150000000	84	0
chr4	150000001	160000000	85	0
chr4	160000001	170000000	86	0
chr4	170000001	180000000	87	0
chr4	180000001	190000000	88	0
chr4	190000001	190214555	89	0
chr5	1	10000000	90	0
chr5	10000001	20000000	91	0
chr5	20000001	30000000	92	0
chr5	30000001	40000000	93	0
chr5	40000001	50000000	94	0
chr5	50000001	60000000	95	0
chr5	60000001	70000000	96	0
chr5	70000001	80000000	97	0
chr5	80000001	90000000	98	0
chr5	90000001	100000000	99	0
chr5	100000001	110000000	100	0
chr5	110000001	120000000	101	0
chr5	120000001	130000000	102	0
chr5	130000001	140000000	103	0
chr5	140000001	150000000	104	0
chr5	150000001	160000000	105	0
chr5	160000001	170000000	106	0
chr5	170000001	180000000	107	0
chr5	180000001	181538259	108	0
chr6	1	10000000	109	0
chr6	10000001	20000000	110	0
chr6	20000001	30000000	111	0
chr6	30000001	40000000	112	0
chr6	40000001	50000000	113	0
chr6	50000001	60000000	114	0
chr6	60000001	70000000	115	0
chr6	70000001	80000000	116	0
chr6	80000001	90000000	117	0
chr6	90000001	100000000	118	0
chr6	100000001	110000000	119	0
chr6	110000001	120000000	120	0
chr6	120000001	130000000	121	0
chr6	130000001	140000000	122	0
chr6	140000001	150000000	123	0
chr6	150000001	160000000	124	0
chr6	160000001	170000000	125	0
chr6	170000001	170805979	126	0
chr7	1	10000000	127	0
chr7	10000001	20000000	128	0
chr7	20000001	30000000	129	0
chr7	30000001	40000000	130	0
chr7	40000001	50000000	131	0
chr7	50000001	60000000	132	0
chr7	60000001	70000000	133	0
chr7	70000001	80000000	134	0
chr7	80000001	90000000	135	0
chr7	90000001	100000000	136	0
chr7	100000001	110000000	137	0
chr7	110000001	120000000	138	0
chr7	120000001	130000000	139	0
chr7	130000001	140000000	140	0
chr7	140000001	150000000	141	0
chr7	150000001	159345973	142	0
chr8	1	10000000	143	0
chr8	10000001	20000000	144	0
chr8	20000001	30000000	145	0
chr8	30000001	40000000	146	0
chr8	40000001	50000000	147	0
chr8	50000001	60000000	148	0
chr8	60000001	70000000	149	0
chr8	70000001	80000000	150	0
chr8	80000001	90000000	151	0
chr8	90000001	100000000	152	0
chr8	100000001	110000000	153	0
chr8	110000001	120000000	154	0
chr8	120000001	130000000	155	0
chr8	130000001	140000000	156	0
chr8	140000001	145138636	157	0
chr9	1	10000000	158	0
chr9	10000001	20000000	159	0
chr9	20000001	30000000	160	0
chr9	30000001	40000000	161	0
chr9	40000001	50000000	162	0
chr9	50000001	60000000	163	0
chr9	60000001	70000000	164	0
chr9	70000001	80000000	165	0
chr9	80000001	90000000	166	0
chr9	90000001	100000000	167	0
chr9	100000001	110000000	168	0
chr9	110000001	120000000	169	0
chr9	120000001	130000000	170	0
chr9	130000001	138394717	171	0
chr10	1	10000000	172	0
chr10	10000001	20000000	173	0
chr10	20000001	30000000	174	0
chr10	30000001	40000000	175	0
chr10	40000001	50000000	176	0
chr10	50000001	60000000	177	0
chr10	60000001	70000000	178	0
chr10	70000001	80000000	179	0
chr10	80000001	90000000	180	0
chr10	90000001	100000000	181	0
chr10	100000001	110000000	182	0
chr10	110000001	120000000	183	0
chr10	120000001	130000000	184	0
chr10	130000001	133797422	185	0
chr11	1	10000000	186	0
chr11	10000001	20000000	187	0
chr11	20000001	30000000	188	0
chr11	30000001	40000000	189	0
chr11	40000001	50000000	190	0
chr11	50000001	60000000	191	0
chr11	60000001	70000000	192	0
chr11	70000001	80000000	193	0
chr11	80000001	90000000	194	0
chr11	90000001	100000000	195	0
chr11	100000001	110000000	196	0
chr11	110000001	120000000	197	0
chr11	120000001	130000000	198	0
chr11	130000001	135086622	199	0
chr12	1	10000000	200	0
chr12	10000001	20000000	201	0
chr12	20000001	30000000	202	0
chr12	30000001	40000000	203	0
chr12	40000001	50000000	204	0
chr12	50000001	60000000	205	0
chr12	60000001	70000000	206	0
chr12	70000001	80000000	207	0
chr12	80000001	90000000	208	0
chr12	90000001	100000000	209	0
chr12	100000001	110000000	210	0
chr12	110000001	120000000	211	0
chr12	120000001	130000000	212	0
chr12	130000001	133275309	213	0
chr13	1	10000000	214	0
chr13	10000001	20000000	215	0
chr13	20000001	30000000	216	0
chr13	30000001	40000000	217	0
chr13	40000001	50000000	218	0
chr13	50000001	60000000	219	0
chr13	60000001	70000000	220	0
chr13	70000001	80000000	221	0
chr13	80000001	90000000	222	0
chr13	90000001	100000000	223	0
chr13	100000001	110000000	224	0
chr13	110000001	114364328	225	0
chr14	1	10000000	226	0
chr14	10000001	20000000	227	0
chr14	20000001	30000000	228	0
chr14	30000001	40000000	229	0
chr14	40000001	50000000	230	0
chr14	50000001	60000000	231	0
chr14	60000001	70000000	232	0
chr14	70000001	80000000	233	0
chr14	80000001	90000000	234	0
chr14	90000001	100000000	235	0
chr14	100000001	107043718	236	0
chr15	1	10000000	237	0
chr15	10000001	20000000	238	0
chr15	20000001	30000000	239	0
chr15	30000001	40000000	240	0
chr15	40000001	50000000	241	0
chr15	50000001	60000000	242	0
chr15	60000001	70000000	243	0
chr15	70000001	80000000	244	0
chr15	80000001	90000000	245	0
chr15	90000001	100000000	246	0
chr15	100000001	101991189	247	0
chr16	1	10000000	248	0
chr16	10000001	20000000	249	0
chr16	20000001	30000000	250	0
chr16	30000001	40000000	251	0
chr16	40000001	50000000	252	0
chr16	50000001	60000000	253	0
chr16	60000001	70000000	254	0
chr16	70000001	80000000	255	0
chr16	80000001	90000000	256	0
chr16	90000001	90338345	257	0
chr17	1	10000000	258	0
chr17	10000001	20000000	259	0
chr17	20000001	30000000	260	0
chr17	30000001	40000000	261	0
chr17	40000001	50000000	262	0
chr17	50000001	60000000	263	0
chr17	60000001	70000000	264	0
chr17	70000001	80000000	265	0
chr17	80000001	83257441	266	0
chr18	1	10000000	267	0
chr18	10000001	20000000	268	0
chr18	20000001	30000000	269	0
chr18	30000001	40000000	270	0
chr18	40000001	50000000	271	0
chr18	50000001	60000000	272	0
chr18	60000001	70000000	273	0
chr18	70000001	80000000	274	0
chr18	80000001	80373285	275	0
chr19	1	10000000	276	0
chr19	10000001	20000000	277	0
chr19	20000001	30000000	278	0
chr19	30000001	40000000	279	0
chr19	40000001	50000000	280	0
chr19	50000001	58617616	281	0
chr20	1	10000000	282	0
chr20	10000001	20000000	283	0
chr20	20000001	30000000	284	0
chr20	30000001	40000000	285	0
chr20	40000001	50000000	286	0
chr20	50000001	60000000	287	0
chr20	60000001	64444167	288	0
chr21	1	10000000	289	0
chr21	10000001	20000000	290	0
chr21	20000001	30000000	291	0
chr21	30000001	40000000	292	0
chr21	40000001	46709983	293	0
chr22	1	10000000	294	0
chr22	10000001	20000000	295	0
chr22	20000001	30000000	296	0
chr22	30000001	40000000	297	0
chr22	40000001	50000000	298	0
chr22	50000001	50818468	299	0
chrX	1	10000000	300	0
chrX	10000001	20000000	301	0
chrX	20000001	30000000	302	0
chrX	30000001	40000000	303	0
chrX	40000001	50000000	304	0
chrX	50000001	60000000	305	0
chrX	60000001	70000000	306	0
chrX	70000001	80000000	307	0
chrX	80000001	90000000	308	0
chrX	90000001	100000000	309	0
chrX	100000001	110000000	310	0
chrX	110000001	120000000	311	0
chrX	120000001	130000000	312	0
chrX	130000001	140000000	313	0
chrX	140000001	150000000	314	0
chrX	150000001	156040895	315	0
chrY	1	10000000	316	0
chrY	10000001	20000000	317	0
chrY	20000001	30000000	318	0
chrY	30000001	40000000	319	0
chrY	40000001	50000000	320	0
chrY	50000001	57227415	321	0
chrM	1	16569	322	0
